Location	year	month	day	a.m/p.m	lambda1 [?m]	transmission1 [%/100]	lambda2 [?m]	transmission2 [%/100]	lambda3 [?m]	transmission3 [%/100]	lambda4 [?m]	transmission4 [%/100]	lambda5 [?m]	transmission5 [%/100]	lambda6 [?m]	transmission6 [%/100]	lambda7 [?m]	transmission7 [%/100]	lambda8 [?m]	transmission8 [%/100]	lambda9 [?m]	transmission9 [%/100]	lambda10 [?m]	transmission10 [%/100]
Montezuma	1920	9	1	-999	0.349	0.642	0.395	0.745	0.45	0.84	0.499	0.873	0.621	0.919	0.714	0.951	0.803	0.966	0.977	0.978	1.214	0.978	1.593	0.984
Montezuma	1920	9	2	-999	0.349	0.655	0.395	0.765	0.45	0.855	0.499	0.886	0.621	0.926	0.714	0.966	0.803	0.976	0.977	0.983	1.214	0.98	1.593	0.987
Montezuma	1920	9	6	-999	0.349	0.657	0.395	0.747	0.45	0.834	0.499	0.871	0.621	0.917	0.714	0.96	0.803	0.974	0.977	0.981	1.214	0.976	1.593	0.983
Montezuma	1920	9	7	-999	0.349	0.668	0.395	0.76	0.45	0.85	0.499	0.88	0.621	0.923	0.714	0.96	0.803	0.973	0.977	0.982	1.214	0.98	1.593	0.988
Montezuma	1920	9	8	-999	0.349	0.648	0.395	0.762	0.45	0.853	0.499	0.881	0.621	0.924	0.714	0.696	0.803	0.976	0.977	0.982	1.214	0.981	1.593	0.987
Montezuma	1920	9	10	-999	0.349	0.655	0.395	0.761	0.45	0.85	0.499	0.885	0.621	0.925	0.714	0.96	0.803	0.976	0.977	0.982	1.214	0.984	1.593	0.99
Montezuma	1920	9	12	-999	0.349	0.651	0.395	0.741	0.45	0.83	0.499	0.876	0.621	0.919	0.714	0.957	0.803	0.973	0.977	0.978	1.214	0.983	1.593	0.981
Montezuma	1920	9	14	-999	0.349	0.665	0.395	0.753	0.45	0.841	0.499	0.877	0.621	0.92	0.714	0.961	0.803	0.973	0.977	0.98	1.214	0.982	1.593	0.982
Montezuma	1920	9	17	-999	0.349	0.641	0.395	0.762	0.45	0.85	0.499	0.885	0.621	0.923	0.714	0.963	0.803	0.976	0.977	0.983	1.214	0.982	1.593	0.985
Montezuma	1920	9	18	-999	0.349	0.654	0.395	0.762	0.45	0.85	0.499	0.883	0.621	0.925	0.714	0.966	0.803	0.976	0.977	0.984	1.214	0.984	1.593	0.99
Montezuma	1920	9	24	-999	0.349	0.648	0.395	0.757	0.45	0.85	0.499	0.882	0.621	0.922	0.714	0.96	0.803	0.974	0.977	0.985	1.214	0.985	1.593	0.985
Montezuma	1920	9	25	-999	0.349	0.652	0.395	0.752	0.45	0.843	0.499	0.881	0.621	0.923	0.714	0.97	0.803	0.98	0.977	0.987	1.214	0.987	1.593	0.99
Montezuma	1920	10	5	-999	0.349	0.665	0.395	0.765	0.45	0.853	0.499	0.887	0.621	0.932	0.714	0.969	0.803	0.979	0.977	0.982	1.214	0.984	1.593	0.989
Montezuma	1920	10	11	-999	0.349	0.653	0.395	0.777	0.45	0.851	0.499	0.875	0.621	0.927	0.714	0.963	0.803	0.973	0.977	0.981	1.214	0.981	1.593	0.982
Montezuma	1920	10	16	-999	0.349	0.644	0.395	0.753	0.45	0.84	0.499	0.868	0.621	0.915	0.714	0.953	0.803	0.961	0.977	0.973	1.214	0.972	1.593	0.974
Montezuma	1920	10	21	-999	0.349	0.684	0.395	0.765	0.45	0.845	0.499	0.88	0.621	0.927	0.714	0.954	0.803	0.967	0.977	0.972	1.214	0.672	1.593	0.976
Montezuma	1920	10	29	-999	0.349	0.617	0.395	0.698	0.45	0.797	0.499	0.859	0.621	0.899	0.714	0.945	0.803	0.971	0.977	0.988	1.214	0.995	1.593	0.995
Montezuma	1920	11	1	-999	0.349	0.625	0.395	0.732	0.45	0.932	0.499	0.864	0.621	0.906	0.714	0.947	0.803	0.969	0.977	0.975	1.214	0.974	1.593	0.979
Montezuma	1920	11	13	-999	0.349	0.637	0.395	0.75	0.45	0.842	0.499	0.872	0.621	0.917	0.714	0.957	0.803	0.971	0.977	0.977	1.214	0.979	1.593	0.982
Montezuma	1920	11	15	-999	0.349	0.642	0.395	0.732	0.45	0.815	0.499	0.853	0.621	0.902	0.714	0.935	0.803	0.95	0.977	0.96	1.214	0.963	1.593	0.965
Montezuma	1920	12	8	-999	0.349	0.646	0.395	0.749	0.45	0.842	0.499	0.881	0.621	0.918	0.714	0.958	0.803	0.975	0.977	0.981	1.214	0.981	1.593	0.989
Montezuma	1920	12	11	-999	0.349	0.64	0.395	0.742	0.45	0.825	0.499	0.87	0.621	0.909	0.714	0.954	0.803	0.969	0.977	0.986	1.214	0.979	1.593	0.982
Montezuma	1921	11	30	-999	0.349	0.634	0.395	0.755	0.45	0.845	0.499	0.885	0.621	0.922	0.714	0.966	0.803	0.974	0.977	0.98	1.214	0.976	1.593	0.985
Montezuma	1921	10	3	-999	0.349	0.652	0.395	0.754	0.45	0.835	0.499	0.867	0.621	0.912	0.714	0.955	0.803	0.981	0.977	0.987	1.214	0.982	1.593	0.989
Montezuma	1921	10	4	-999	0.349	0.652	0.395	0.742	0.45	0.839	0.499	0.875	0.621	0.916	0.714	0.962	0.803	0.974	0.977	0.977	1.214	0.985	1.593	0.977
Montezuma	1921	10	5	-999	0.349	0.653	0.395	0.763	0.45	0.843	0.499	0.876	0.621	0.916	0.714	0.965	0.803	0.974	0.977	0.982	1.214	0.987	1.593	0.99
Montezuma	1921	10	8	-999	0.349	0.656	0.395	0.753	0.45	0.84	0.499	0.872	0.621	0.913	0.714	0.953	0.803	0.965	0.977	0.978	1.214	0.976	1.593	0.977
Montezuma	1921	10	9	-999	0.349	0.667	0.395	0.744	0.45	0.838	0.499	0.864	0.621	0.912	0.714	0.956	0.803	0.979	0.977	0.982	1.214	0.985	1.593	0.984
Montezuma	1921	11	17	-999	0.349	0.646	0.395	0.752	0.45	0.84	0.499	0.881	0.621	0.923	0.714	0.965	0.803	0.974	0.977	0.986	1.214	0.99	1.593	0.986
Montezuma	1921	11	18	-999	0.349	0.62	0.395	0.745	0.45	0.843	0.499	0.882	0.621	0.916	0.714	0.972	0.803	0.983	0.977	0.989	1.214	0.994	1.593	0.989
Montezuma	1921	11	21	-999	0.349	0.63	0.395	0.74	0.45	0.851	0.499	0.873	0.621	0.925	0.714	0.956	0.803	0.97	0.977	0.984	1.214	0.982	1.593	0.983
Montezuma	1921	11	25	-999	0.349	0.62	0.395	0.739	0.45	0.843	0.499	0.867	0.621	0.914	0.714	0.86	0.803	0.973	0.977	0.983	1.214	0.985	1.593	0.989
Montezuma	1921	12	2	-999	0.349	0.612	0.395	0.742	0.45	0.831	0.499	0.878	0.621	0.914	0.714	0.955	0.803	0.97	0.977	0.98	1.214	0.983	1.593	0.984
Montezuma	1922	1	21	-999	0.349	0.638	0.395	0.747	0.45	0.825	0.499	0.867	0.621	0.907	0.714	0.95	0.803	0.968	0.977	0.975	1.214	0.979	1.593	0.98
Montezuma	1922	1	24	-999	0.349	0.606	0.395	0.73	0.45	0.801	0.499	0.86	0.621	0.903	0.714	0.94	0.803	0.958	0.977	0.975	1.214	0.973	1.593	0.98
Montezuma	1922	1	25	-999	0.349	0.61	0.395	0.73	0.45	0.81	0.499	0.851	0.621	0.902	0.714	0.925	0.803	0.954	0.977	0.959	1.214	0.963	1.593	0.958
Montezuma	1922	1	26	-999	0.349	0.631	0.395	0.723	0.45	0.822	0.499	0.863	0.621	0.903	0.714	0.944	0.803	0.967	0.977	0.977	1.214	0.975	1.593	0.978
Montezuma	1922	1	27	-999	0.349	0.61	0.395	0.717	0.45	0.823	0.499	0.849	0.621	0.899	0.714	0.939	0.803	0.964	0.977	0.97	1.214	0.975	1.593	0.967
Montezuma	1922	1	28	-999	0.349	0.637	0.395	0.737	0.45	0.824	0.499	0.862	0.621	0.905	0.714	0.947	0.803	0.965	0.977	0.975	1.214	0.979	1.593	0.978
Montezuma	1922	1	31	-999	0.349	0.63	0.395	0.737	0.45	0.824	0.499	0.855	0.621	0.905	0.714	0.937	0.803	0.958	0.977	0.966	1.214	0.968	1.593	0.975
Montezuma	1922	2	13	-999	0.349	0.585	0.395	0.738	0.45	0.832	0.499	0.877	0.621	0.927	0.714	0.955	0.803	0.963	0.977	0.969	1.214	0.96	1.593	0.977
Montezuma	1922	2	15	-999	0.349	0.564	0.395	0.693	0.45	0.79	0.499	0.831	0.621	0.879	0.714	0.908	0.803	0.944	0.977	0.957	1.214	0.954	1.593	0.959
Montezuma	1922	2	19	-999	0.349	0.597	0.395	0.653	0.45	0.788	0.499	0.836	0.621	0.888	0.714	0.922	0.803	0.939	0.977	0.951	1.214	0.952	1.593	0.949
Montezuma	1922	2	22	-999	0.349	0.59	0.395	0.73	0.45	0.8	0.499	0.847	0.621	0.88	0.714	0.928	0.803	0.95	0.977	0.966	1.214	0.964	1.593	0.975
Montezuma	1922	2	23	-999	0.349	0.924	0.395	0.741	0.45	0.83	0.499	0.867	0.621	0.908	0.714	0.938	0.803	0.946	0.977	0.967	1.214	0.965	1.593	0.952
Montezuma	1922	2	25	-999	0.349	0.595	0.395	0.695	0.45	0.792	0.499	0.862	0.621	0.909	0.714	0.929	0.803	0.949	0.977	0.964	1.214	0.961	1.593	0.946
Montezuma	1922	2	28	-999	0.349	0.612	0.395	0.722	0.45	0.821	0.499	0.852	0.621	0.895	0.714	0.928	0.803	0.95	0.977	0.965	1.214	0.967	1.593	0.962
Montezuma	1922	3	3	-999	0.349	0.621	0.395	0.737	0.45	0.832	0.499	0.87	0.621	0.911	0.714	0.946	0.803	0.971	0.977	0.979	1.214	0.978	1.593	0.981
Montezuma	1922	3	7	-999	0.349	0.645	0.395	0.755	0.45	0.847	0.499	0.877	0.621	0.915	0.714	0.953	0.803	0.97	0.977	0.977	1.214	0.978	1.593	0.984
Montezuma	1922	3	11	-999	0.349	0.638	0.395	0.755	0.45	0.841	0.499	0.883	0.621	0.925	0.714	0.961	0.803	0.977	0.977	0.987	1.214	0.984	1.593	0.99
Montezuma	1922	3	12	-999	0.349	0.638	0.395	0.757	0.45	0.852	0.499	0.88	0.621	0.925	0.714	0.959	0.803	0.975	0.977	0.982	1.214	0.982	1.593	0.986
Montezuma	1922	4	7	-999	0.349	0.663	0.395	0.754	0.45	0.827	0.499	0.867	0.621	0.908	0.714	0.966	0.803	0.967	0.977	0.978	1.214	0.962	1.593	0.984
Montezuma	1922	5	10	-999	0.349	0.638	0.395	0.757	0.45	0.848	0.499	0.88	0.621	0.923	0.714	0.968	0.803	0.981	0.977	0.988	1.214	0.986	1.593	0.991
Montezuma	1923	1	4	-999	0.349	0.929	0.395	0.728	0.45	0.806	0.499	0.86	0.621	0.901	0.714	0.943	0.803	0.965	0.977	0.978	1.214	0.975	1.593	0.978
Montezuma	1923	1	30	-999	0.349	0.562	0.395	0.699	0.45	0.772	0.499	0.83	0.621	0.882	0.714	0.925	0.803	0.96	0.977	0.963	1.214	0.967	1.593	0.962
Montezuma	1923	2	2	-999	0.349	0.93	0.395	0.707	0.45	0.786	0.499	0.837	0.621	0.883	0.714	0.932	0.803	0.949	0.977	0.965	1.214	0.966	1.593	0.966
Montezuma	1923	2	3	-999	0.349	0.602	0.395	0.721	0.45	0.814	0.499	0.859	0.621	0.9	0.714	0.939	0.803	0.953	0.977	0.96	1.214	0.962	1.593	0.967
Montezuma	1923	2	24	-999	0.349	0.64	0.395	0.736	0.45	0.812	0.499	0.862	0.621	0.897	0.714	0.941	0.803	0.958	0.977	0.966	1.214	0.967	1.593	0.961
Montezuma	1923	2	27	-999	0.349	0.605	0.395	0.725	0.45	0.806	0.499	0.836	0.621	0.884	0.714	0.928	0.803	0.947	0.977	0.957	1.214	0.954	1.593	0.96
Montezuma	1923	3	5	-999	0.349	0.628	0.395	0.741	0.45	0.829	0.499	0.859	0.621	0.909	0.714	0.956	0.803	0.968	0.977	0.974	1.214	0.98	1.593	0.979
Montezuma	1923	3	6	-999	0.349	0.606	0.395	0.712	0.45	0.798	0.499	0.842	0.621	0.902	0.714	0.936	0.803	0.951	0.977	0.961	1.214	0.972	1.593	0.956
Montezuma	1923	3	7	-999	0.349	0.613	0.395	0.723	0.45	0.811	0.499	0.87	0.621	0.908	0.714	0.949	0.803	0.966	0.977	0.978	1.214	0.977	1.593	0.976
Montezuma	1923	3	8	-999	0.349	0.64	0.395	0.745	0.45	0.824	0.499	0.886	0.621	0.921	0.714	0.967	0.803	0.981	0.977	0.987	1.214	0.99	1.593	0.984
Montezuma	1923	3	9	-999	0.349	0.652	0.395	0.745	0.45	0.824	0.499	0.884	0.621	0.917	0.714	0.957	0.803	0.969	0.977	0.981	1.214	0.983	1.593	0.981
Montezuma	1923	3	10	-999	0.349	0.641	0.395	0.751	0.45	0.841	0.499	0.879	0.621	0.922	0.714	0.965	0.803	0.979	0.977	0.987	1.214	0.99	1.593	0.982
Montezuma	1923	3	17	-999	0.349	0.628	0.395	0.72	0.45	0.819	0.499	0.846	0.621	0.893	0.714	0.937	0.803	0.952	0.977	0.963	1.214	0.967	1.593	0.964
Montezuma	1923	3	19	-999	0.349	0.63	0.395	0.736	0.45	0.828	0.499	0.862	0.621	0.91	0.714	0.943	0.803	0.962	0.977	0.972	1.214	0.973	1.593	0.968
Montezuma	1923	3	22	-999	0.349	0.6	0.395	0.72	0.45	0.785	0.499	0.846	0.621	0.892	0.714	0.933	0.803	0.946	0.977	0.958	1.214	0.96	1.593	0.962
Montezuma	1923	3	30	-999	0.349	0.625	0.395	0.738	0.45	0.814	0.499	0.868	0.621	0.913	0.714	0.952	0.803	0.959	0.977	0.972	1.214	0.98	1.593	0.975
Montezuma	1923	3	31	-999	0.349	0.62	0.395	0.727	0.45	0.807	0.499	0.847	0.621	0.9	0.714	0.943	0.803	0.958	0.977	0.968	1.214	0.975	1.593	0.965
Montezuma	1923	4	2	-999	0.349	0.634	0.395	0.739	0.45	0.827	0.499	0.865	0.621	0.923	0.714	0.953	0.803	0.971	0.977	0.984	1.214	0.986	1.593	0.982
Montezuma	1923	4	3	-999	0.349	0.606	0.395	0.733	0.45	0.82	0.499	0.85	0.621	0.902	0.714	0.942	0.803	0.966	0.977	0.972	1.214	0.975	1.593	0.978
Montezuma	1923	4	4	-999	0.349	0.63	0.395	0.75	0.45	0.838	0.499	0.872	0.621	0.915	0.714	0.964	0.803	0.973	0.977	0.982	1.214	0.985	1.593	0.981
Montezuma	1923	4	5	-999	0.349	0.632	0.395	0.755	0.45	0.842	0.499	0.867	0.621	0.92	0.714	0.959	0.803	0.968	0.977	0.971	1.214	0.971	1.593	0.972
Montezuma	1923	4	6	-999	0.349	0.629	0.395	0.75	0.45	0.822	0.499	0.867	0.621	0.915	0.714	0.953	0.803	0.968	0.977	0.978	1.214	0.986	1.593	0.98
Montezuma	1923	4	7	-999	0.349	0.626	0.395	0.758	0.45	0.845	0.499	0.873	0.621	0.917	0.714	0.967	0.803	0.973	0.977	0.978	1.214	0.982	1.593	0.981
Montezuma	1923	4	8	-999	0.349	0.628	0.395	0.73	0.45	0.821	0.499	0.853	0.621	0.906	0.714	0.943	0.803	0.961	0.977	0.968	1.214	0.973	1.593	0.973
Montezuma	1923	4	10	-999	0.349	0.62	0.395	0.731	0.45	0.82	0.499	0.86	0.621	0.902	0.714	0.948	0.803	0.959	0.977	0.967	1.214	0.972	1.593	0.977
Montezuma	1923	4	11	-999	0.349	0.631	0.395	0.746	0.45	0.834	0.499	0.861	0.621	0.913	0.714	0.955	0.803	0.967	0.977	0.971	1.214	0.975	1.593	0.972
Montezuma	1923	4	12	-999	0.349	0.597	0.395	0.728	0.45	0.81	0.499	0.855	0.621	0.902	0.714	0.945	0.803	0.958	0.977	0.967	1.214	0.972	1.593	0.969
Montezuma	1923	4	14	-999	0.349	0.62	0.395	0.732	0.45	0.818	0.499	0.861	0.621	0.908	0.714	0.953	0.803	0.967	0.977	0.977	1.214	0.985	1.593	0.979
Montezuma	1923	4	15	-999	0.349	0.619	0.395	0.725	0.45	0.824	0.499	0.852	0.621	0.903	0.714	0.953	0.803	0.968	0.977	0.976	1.214	0.977	1.593	0.979
Montezuma	1923	4	16	-999	0.349	0.621	0.395	0.75	0.45	0.834	0.499	0.857	0.621	0.907	0.714	0.952	0.803	0.967	0.977	0.972	1.214	0.977	1.593	0.972
Montezuma	1923	4	18	-999	0.349	0.626	0.395	0.739	0.45	0.834	0.499	0.862	0.621	0.911	0.714	0.953	0.803	0.967	0.977	0.979	1.214	0.978	1.593	0.977
Montezuma	1923	4	19	-999	0.349	0.635	0.395	0.736	0.45	0.828	0.499	0.867	0.621	0.917	0.714	0.962	0.803	0.975	0.977	0.987	1.214	0.986	1.593	0.985
Montezuma	1923	4	23	-999	0.349	0.629	0.395	0.757	0.45	0.846	0.499	0.868	0.621	0.919	0.714	0.962	0.803	0.975	0.977	0.978	1.214	0.982	1.593	0.984
Montezuma	1923	4	24	-999	0.349	0.641	0.395	0.766	0.45	0.845	0.499	0.865	0.621	0.921	0.714	0.959	0.803	0.972	0.977	0.979	1.214	0.982	1.593	0.982
Montezuma	1923	4	26	-999	0.349	0.634	0.395	0.755	0.45	0.839	0.499	0.868	0.621	0.919	0.714	0.962	0.803	0.972	0.977	0.98	1.214	0.982	1.593	0.983
Montezuma	1923	4	27	-999	0.349	0.648	0.395	0.75	0.45	0.845	0.499	0.877	0.621	0.915	0.714	0.965	0.803	0.976	0.977	0.987	1.214	0.989	1.593	0.986
Montezuma	1923	4	28	-999	0.349	0.651	0.395	0.757	0.45	0.843	0.499	0.876	0.621	0.917	0.714	0.963	0.803	0.973	0.977	0.982	1.214	0.985	1.593	0.985
Montezuma	1923	5	2	-999	0.349	0.636	0.395	0.75	0.45	0.845	0.499	0.874	0.621	0.92	0.714	0.967	0.803	0.978	0.977	0.987	1.214	0.989	1.593	0.989
Montezuma	1923	5	3	-999	0.349	0.634	0.395	0.744	0.45	0.838	0.499	0.867	0.621	0.919	0.714	0.959	0.803	0.975	0.977	0.984	1.214	0.988	1.593	0.985
Montezuma	1923	5	1	-999	0.349	0.629	0.395	0.764	0.45	0.847	0.499	0.882	0.621	0.925	0.714	0.969	0.803	0.983	0.977	0.989	1.214	0.993	1.593	0.992
Montezuma	1923	5	12	-999	0.349	0.632	0.395	0.745	0.45	0.841	0.499	0.866	0.621	0.917	0.714	0.964	0.803	0.976	0.977	0.986	1.214	0.99	1.593	0.985
Montezuma	1923	5	21	-999	0.349	0.634	0.395	0.736	0.45	0.824	0.499	0.865	0.621	0.91	0.714	0.96	0.803	0.976	0.977	0.988	1.214	0.991	1.593	0.987
Montezuma	1923	5	27	-999	0.349	0.636	0.395	0.742	0.45	0.829	0.499	0.87	0.621	0.917	0.714	0.967	0.803	0.977	0.977	0.983	1.214	0.986	1.593	0.983
Montezuma	1923	5	29	-999	0.349	0.612	0.395	0.75	0.45	0.833	0.499	0.87	0.621	0.92	0.714	0.963	0.803	0.975	0.977	0.982	1.214	0.987	1.593	0.987
Montezuma	1923	5	31	-999	0.349	0.638	0.395	0.752	0.45	0.841	0.499	0.876	0.621	0.925	0.714	0.969	0.803	0.981	0.977	0.987	1.214	0.99	1.593	0.983
Montezuma	1923	6	1	-999	0.349	0.642	0.395	0.741	0.45	0.839	0.499	0.872	0.621	0.918	0.714	0.969	0.803	0.978	0.977	0.988	1.214	0.985	1.593	0.987
Montezuma	1923	6	5	-999	0.349	0.617	0.395	0.743	0.45	0.832	0.499	0.87	0.621	0.913	0.714	0.963	0.803	0.977	0.977	0.987	1.214	0.992	1.593	0.989
Montezuma	1923	6	8	-999	0.349	0.634	0.395	0.734	0.45	0.824	0.499	0.858	0.621	0.913	0.714	0.952	0.803	0.967	0.977	0.977	1.214	0.98	1.593	0.979
Montezuma	1923	6	9	-999	0.349	0.641	0.395	0.746	0.45	0.83	0.499	0.87	0.621	0.918	0.714	0.962	0.803	0.973	0.977	0.981	1.214	0.982	1.593	0.983
Montezuma	1923	6	11	-999	0.349	0.639	0.395	0.755	0.45	0.841	0.499	0.87	0.621	0.922	0.714	0.961	0.803	0.973	0.977	0.983	1.214	0.987	1.593	0.988
Montezuma	1923	6	19	-999	0.349	0.634	0.395	0.746	0.45	0.83	0.499	0.872	0.621	0.917	0.714	0.961	0.803	0.972	0.977	0.977	1.214	0.985	1.593	0.983
Montezuma	1923	6	20	-999	0.349	0.637	0.395	0.759	0.45	0.842	0.499	0.873	0.621	0.919	0.714	0.962	0.803	0.976	0.977	0.982	1.214	0.984	1.593	0.98
Montezuma	1923	6	22	-999	0.349	0.645	0.395	0.754	0.45	0.836	0.499	0.877	0.621	0.924	0.714	0.965	0.803	0.977	0.977	0.985	1.214	0.987	1.593	0.988
Montezuma	1923	6	23	-999	0.349	0.641	0.395	0.749	0.45	0.832	0.499	0.872	0.621	0.918	0.714	0.961	0.803	0.974	0.977	0.985	1.214	0.988	1.593	0.983
Montezuma	1923	6	25	-999	0.349	0.65	0.395	0.735	0.45	0.833	0.499	0.866	0.621	0.916	0.714	0.963	0.803	0.976	0.977	0.982	1.214	0.989	1.593	0.984
Montezuma	1923	6	26	-999	0.349	0.644	0.395	0.765	0.45	0.836	0.499	0.877	0.621	0.922	0.714	0.967	0.803	0.978	0.977	0.987	1.214	0.991	1.593	0.987
Montezuma	1923	6	27	-999	0.349	0.657	0.395	0.745	0.45	0.844	0.499	0.874	0.621	0.921	0.714	0.962	0.803	0.972	0.977	0.978	1.214	0.986	1.593	0.98
Montezuma	1923	6	28	-999	0.349	0.639	0.395	0.76	0.45	0.841	0.499	0.875	0.621	0.926	0.714	0.968	0.803	0.978	0.977	0.988	1.214	0.988	1.593	0.992
Montezuma	1923	6	29	-999	0.349	0.635	0.395	0.754	0.45	0.84	0.499	0.872	0.621	0.924	0.714	0.962	0.803	0.973	0.977	0.983	1.214	0.985	1.593	0.985
Montezuma	1923	7	6	-999	0.349	0.645	0.395	0.752	0.45	0.846	0.499	0.874	0.621	0.921	0.714	0.963	0.803	0.977	0.977	0.984	1.214	0.988	1.593	0.985
Montezuma	1923	7	7	-999	0.349	0.66	0.395	0.772	0.45	0.847	0.499	0.882	0.621	0.932	0.714	0.969	0.803	0.979	0.977	0.987	1.214	0.987	1.593	0.986
Montezuma	1923	7	12	-999	0.349	0.635	0.395	0.765	0.45	0.84	0.499	0.875	0.621	0.923	0.714	0.966	0.803	0.977	0.977	0.988	1.214	0.99	1.593	0.688
Montezuma	1923	7	13	-999	0.349	0.647	0.395	0.759	0.45	0.853	0.499	0.876	0.621	0.923	0.714	0.971	0.803	0.981	0.977	0.988	1.214	0.989	1.593	0.986
Montezuma	1923	7	24	-999	0.349	0.633	0.395	0.751	0.45	0.836	0.499	0.871	0.621	0.922	0.714	0.964	0.803	0.977	0.977	0.983	1.214	0.99	1.593	0.987
Montezuma	1923	7	25	-999	0.349	0.629	0.395	0.749	0.45	0.845	0.499	0.877	0.621	0.922	0.714	0.966	0.803	0.978	0.977	0.987	1.214	0.992	1.593	0.982
Montezuma	1923	8	4	-999	0.349	0.637	0.395	0.758	0.45	0.847	0.499	0.874	0.621	0.921	0.714	0.968	0.803	0.982	0.977	0.988	1.214	0.99	1.593	0.988
Montezuma	1923	8	13	-999	0.349	0.636	0.395	0.749	0.45	0.837	0.499	0.874	0.621	0.918	0.714	0.961	0.803	0.973	0.977	0.981	1.214	0.983	1.593	0.983
Montezuma	1923	8	20	-999	0.349	0.639	0.395	0.747	0.45	0.834	0.499	0.872	0.621	0.914	0.714	0.962	0.803	0.975	0.977	0.986	1.214	0.987	1.593	0.984
Montezuma	1923	8	27	-999	0.349	0.626	0.395	0.741	0.45	0.828	0.499	0.864	0.621	0.91	0.714	0.958	0.803	0.972	0.977	0.983	1.214	0.985	1.593	0.982
Montezuma	1923	9	7	-999	0.349	0.637	0.395	0.75	0.45	0.832	0.499	0.867	0.621	0.918	0.714	0.96	0.803	0.972	0.977	0.981	1.214	0.986	1.593	0.982
Montezuma	1923	9	15	-999	0.349	0.625	0.395	0.74	0.45	0.831	0.499	0.862	0.621	0.91	0.714	0.957	0.803	0.969	0.977	0.978	1.214	0.985	1.593	0.982
Montezuma	1923	9	20	-999	0.349	0.628	0.395	0.754	0.45	0.846	0.499	0.883	0.621	0.918	0.714	0.963	0.803	0.978	0.977	0.987	1.214	0.993	1.593	0.984
Montezuma	1923	9	21	-999	0.349	0.645	0.395	0.754	0.45	0.845	0.499	0.878	0.621	0.916	0.714	0.963	0.803	0.976	0.977	0.983	1.214	0.987	1.593	0.969
Montezuma	1923	9	28	-999	0.349	0.94	0.395	0.749	0.45	0.844	0.499	0.873	0.621	0.917	0.714	0.958	0.803	0.974	0.977	0.983	1.214	0.989	1.593	0.984
Montezuma	1923	10	6	-999	0.349	0.653	0.395	0.76	0.45	0.841	0.499	0.876	0.621	0.919	0.714	0.963	0.803	0.977	0.977	0.982	1.214	0.988	1.593	0.987
Montezuma	1923	10	12	-999	0.349	0.624	0.395	0.745	0.45	0.838	0.499	0.872	0.621	0.916	0.714	0.962	0.803	0.974	0.977	0.983	1.214	0.99	1.593	0.983
Montezuma	1923	10	20	-999	0.349	0.62	0.395	0.76	0.45	0.838	0.499	0.868	0.621	0.916	0.714	0.958	0.803	0.972	0.977	0.977	1.214	0.981	1.593	0.98
Montezuma	1923	10	28	-999	0.349	0.638	0.395	0.752	0.45	0.838	0.499	0.869	0.621	0.92	0.714	0.964	0.803	0.975	0.977	0.982	1.214	0.988	1.593	0.983
Montezuma	1923	11	7	-999	0.349	0.624	0.395	0.751	0.45	0.838	0.499	0.87	0.621	0.919	0.714	0.957	0.803	0.972	0.977	0.978	1.214	0.983	1.593	0.977
Montezuma	1923	11	12	-999	0.349	0.614	0.395	0.733	0.45	0.823	0.499	0.853	0.621	0.902	0.714	0.941	0.803	0.957	0.977	0.965	1.214	0.973	1.593	0.965
Montezuma	1923	11	29	-999	0.349	0.605	0.395	0.727	0.45	0.81	0.499	0.84	0.621	0.897	0.714	0.933	0.803	0.948	0.977	0.958	1.214	0.963	1.593	0.956
Montezuma	1923	12	10	-999	0.349	0.61	0.395	0.736	0.45	0.816	0.499	0.849	0.621	0.899	0.714	0.941	0.803	0.957	0.977	0.966	1.214	0.972	1.593	0.965
Montezuma	1923	12	29	-999	0.349	0.623	0.395	0.728	0.45	0.822	0.499	0.852	0.621	0.903	0.714	0.946	0.803	0.961	0.977	0.969	1.214	0.973	1.593	0.967
Montezuma	1924	1	3	-999	0.349	0.633	0.395	0.76	0.45	0.842	0.499	0.877	0.621	0.923	0.714	0.967	0.803	0.977	0.977	0.987	1.214	0.988	1.593	0.978
Montezuma	1924	1	15	-999	0.349	0.625	0.395	0.75	0.45	0.84	0.499	0.875	0.621	0.915	0.714	0.958	0.803	0.968	0.977	0.977	1.214	0.982	1.593	0.977
Montezuma	1924	1	20	-999	0.349	0.643	0.395	0.756	0.45	0.846	0.499	0.876	0.621	0.919	0.714	0.964	0.803	0.976	0.977	0.984	1.214	0.987	1.593	0.982
Montezuma	1924	1	28	-999	0.349	0.629	0.395	0.751	0.45	0.838	0.499	0.864	0.621	0.908	0.714	0.965	0.803	0.965	0.977	0.973	1.214	0.976	1.593	0.97
Montezuma	1924	2	4	-999	0.349	0.591	0.395	0.714	0.45	0.802	0.499	0.834	0.621	0.887	0.714	0.924	0.803	0.944	0.977	0.953	1.214	0.961	1.593	0.957
Montezuma	1924	2	23	-999	0.349	0.615	0.395	0.735	0.45	0.823	0.499	0.846	0.621	0.983	0.714	0.934	0.803	0.955	0.977	0.965	1.214	0.967	1.593	0.963
Montezuma	1924	2	28	-999	0.349	0.625	0.395	0.738	0.45	0.828	0.499	0.855	0.621	0.903	0.714	0.949	0.803	0.964	0.977	0.941	1.214	0.978	1.593	0.976
Montezuma	1924	3	6	-999	0.349	0.63	0.395	0.735	0.45	0.832	0.499	0.867	0.621	0.908	0.714	0.954	0.803	0.968	0.977	0.976	1.214	0.982	1.593	0.979
Montezuma	1924	3	14	-999	0.349	0.62	0.395	0.741	0.45	0.832	0.499	0.868	0.621	0.913	0.714	0.957	0.803	0.968	0.977	0.974	1.214	0.98	1.593	0.977
Montezuma	1924	3	20	-999	0.349	0.626	0.395	0.736	0.45	0.833	0.499	0.866	0.621	0.91	0.714	0.954	0.803	0.968	0.977	0.978	1.214	0.981	1.593	0.978
Montezuma	1924	3	31	-999	0.349	0.612	0.395	0.733	0.45	0.824	0.499	0.861	0.621	0.91	0.714	0.953	0.803	0.967	0.977	0.977	1.214	0.981	1.593	0.98
Montezuma	1924	4	10	-999	0.349	0.632	0.395	0.749	0.45	0.834	0.499	0.867	0.621	0.911	0.714	0.957	0.803	0.972	0.977	0.977	1.214	0.98	1.593	0.975
Montezuma	1924	4	14	-999	0.349	0.633	0.395	0.758	0.45	0.849	0.499	0.88	0.621	0.922	0.714	0.966	0.803	0.978	0.977	0.987	1.214	0.992	1.593	0.987
Montezuma	1924	4	18	-999	0.349	0.645	0.395	0.751	0.45	0.842	0.499	0.865	0.621	0.921	0.714	0.964	0.803	0.973	0.977	0.982	1.214	0.986	1.593	0.978
Montezuma	1924	4	28	-999	0.349	0.641	0.395	0.763	0.45	0.848	0.499	0.878	0.621	0.918	0.714	0.971	0.803	0.98	0.977	0.987	1.214	0.992	1.593	0.987
Montezuma	1924	5	5	-999	0.349	0.643	0.395	0.759	0.45	0.851	0.499	0.882	0.621	0.923	0.714	0.962	0.803	0.973	0.977	0.982	1.214	0.985	1.593	0.983
Montezuma	1924	5	15	-999	0.349	0.64	0.395	0.756	0.45	0.847	0.499	0.87	0.621	0.919	0.714	0.962	0.803	0.973	0.977	0.98	1.214	0.985	1.593	0.988
Montezuma	1924	5	22	-999	0.349	0.638	0.395	0.767	0.45	0.86	0.499	0.882	0.621	0.923	0.714	0.97	0.803	0.978	0.977	0.984	1.214	0.987	1.593	0.985
Montezuma	1924	5	30	-999	0.349	0.635	0.395	0.745	0.45	0.885	0.499	0.877	0.621	0.927	0.714	0.967	0.803	0.98	0.977	0.988	1.214	0.994	1.593	0.99
Montezuma	1924	6	3	-999	0.349	0.632	0.395	0.765	0.45	0.847	0.499	0.874	0.621	0.917	0.714	0.963	0.803	0.977	0.977	0.985	1.214	0.987	1.593	0.987
Montezuma	1924	6	22	-999	0.349	0.633	0.395	0.753	0.45	0.849	0.499	0.871	0.621	0.917	0.714	0.962	0.803	0.977	0.977	0.988	1.214	0.99	1.593	0.99
Montezuma	1924	6	26	-999	0.349	0.635	0.395	0.751	0.45	0.846	0.499	0.872	0.621	0.917	0.714	0.965	0.803	0.977	0.977	0.985	1.214	0.988	1.593	0.987
Montezuma	1924	6	29	-999	0.349	0.641	0.395	0.755	0.45	0.852	0.499	0.878	0.621	0.923	0.714	0.967	0.803	0.979	0.977	0.988	1.214	0.993	1.593	0.988
Montezuma	1924	7	14	-999	0.349	0.645	0.395	0.758	0.45	0.846	0.499	0.876	0.621	0.921	0.714	0.97	0.803	0.979	0.977	0.987	1.214	0.99	1.593	0.987
Montezuma	1924	7	17	-999	0.349	0.632	0.395	0.757	0.45	0.842	0.499	0.873	0.621	0.917	0.714	0.965	0.803	0.975	0.977	0.983	1.214	0.988	1.593	0.988
Montezuma	1924	7	21	-999	0.349	0.637	0.395	0.765	0.45	0.855	0.499	0.884	0.621	0.917	0.714	0.968	0.803	0.979	0.977	0.987	1.214	0.99	1.593	0.688
Montezuma	1924	7	28	-999	0.349	0.645	0.395	0.75	0.45	0.843	0.499	0.877	0.621	0.917	0.714	0.964	0.803	0.975	0.977	0.984	1.214	0.989	1.593	0.987
Montezuma	1924	8	15	-999	0.349	0.625	0.395	0.747	0.45	0.841	0.499	0.873	0.621	0.912	0.714	0.957	0.803	0.973	0.977	0.982	1.214	0.987	1.593	0.982
Montezuma	1924	8	19	-999	0.349	0.62	0.395	0.732	0.45	0.831	0.499	0.868	0.621	0.908	0.714	0.957	0.803	0.972	0.977	0.984	1.214	0.992	1.593	0.988
Montezuma	1924	8	22	-999	0.349	0.557	0.395	0.672	0.45	0.766	0.499	0.811	0.621	0.869	0.714	0.928	0.803	0.946	0.977	0.966	1.214	0.975	1.593	0.977
Montezuma	1924	8	23	-999	0.349	0.584	0.395	0.703	0.45	0.799	0.499	0.837	0.621	0.891	0.714	0.943	0.803	0.962	0.977	0.977	1.214	0.983	1.593	0.982
Montezuma	1924	8	24	-999	0.349	0.628	0.395	0.742	0.45	0.829	0.499	0.868	0.621	0.905	0.714	0.956	0.803	0.969	0.977	0.981	1.214	0.988	1.593	0.985
Montezuma	1924	8	27	-999	0.349	0.618	0.395	0.742	0.45	0.827	0.499	0.861	0.621	0.898	0.714	0.951	0.803	0.963	0.977	0.972	1.214	0.978	1.593	0.974
Montezuma	1924	9	11	-999	0.349	0.642	0.395	0.746	0.45	0.835	0.499	0.876	0.621	0.905	0.714	0.957	0.803	0.973	0.977	0.984	1.214	0.987	1.593	0.985
Montezuma	1924	9	15	-999	0.349	0.639	0.395	0.753	0.45	0.844	0.499	0.883	0.621	0.923	0.714	0.97	0.803	0.981	0.977	0.988	1.214	0.993	1.593	0.988
Montezuma	1924	9	25	-999	0.349	0.601	0.395	0.709	0.45	0.803	0.499	0.835	0.621	0.884	0.714	0.93	0.803	0.946	0.977	0.958	1.214	0.966	1.593	0.968
Montezuma	1924	10	7	-999	0.349	0.627	0.395	0.747	0.45	0.829	0.499	0.871	0.621	0.908	0.714	0.957	0.803	0.97	0.977	0.982	1.214	0.987	1.593	0.982
Montezuma	1924	10	14	-999	0.349	0.633	0.395	0.754	0.45	0.85	0.499	0.88	0.621	0.913	0.714	0.965	0.803	0.977	0.977	0.987	1.214	0.989	1.593	0.99
Montezuma	1924	10	20	-999	0.349	0.625	0.395	0.748	0.45	0.843	0.499	0.873	0.621	0.917	0.714	0.956	0.803	0.968	0.977	0.976	1.214	0.979	1.593	0.977
Montezuma	1924	10	27	-999	0.349	0.634	0.395	0.739	0.45	0.838	0.499	0.867	0.621	0.898	0.714	0.947	0.803	0.959	0.977	0.97	1.214	0.977	1.593	0.974
Montezuma	1924	11	3	-999	0.349	0.643	0.395	0.75	0.45	0.85	0.499	0.882	0.621	0.919	0.714	0.964	0.803	0.978	0.977	0.986	1.214	0.992	1.593	0.983
Montezuma	1924	11	8	-999	0.349	0.631	0.395	0.755	0.45	0.846	0.499	0.882	0.621	0.919	0.714	0.963	0.803	0.977	0.977	0.986	1.214	0.99	1.593	0.986
Montezuma	1924	11	14	-999	0.349	0.63	0.395	0.753	0.45	0.845	0.499	0.882	0.621	0.915	0.714	0.96	0.803	0.972	0.977	0.982	1.214	0.984	1.593	0.0984
Montezuma	1924	11	19	-999	0.349	0.604	0.395	0.74	0.45	0.827	0.499	0.862	0.621	0.901	0.714	0.944	0.803	0.959	0.977	0.966	1.214	0.971	1.593	0.967
Montezuma	1924	11	22	-999	0.349	0.618	0.395	0.744	0.45	0.84	0.499	0.875	0.621	0.912	0.714	0.96	0.803	0.974	0.977	0.984	1.214	0.974	1.593	0.985
Montezuma	1924	12	2	-999	0.349	0.62	0.395	0.749	0.45	0.845	0.499	0.874	0.621	0.912	0.714	0.958	0.803	0.972	0.977	0.981	1.214	0.983	1.593	0.982
Montezuma	1924	12	6	-999	0.349	0.615	0.395	0.73	0.45	0.832	0.499	0.863	0.621	0.907	0.714	0.852	0.803	0.965	0.977	0.976	1.214	0.979	1.593	0.977
Montezuma	1924	12	10	-999	0.349	0.596	0.395	0.721	0.45	0.815	0.499	0.861	0.621	0.891	0.714	0.939	0.803	0.955	0.977	0.963	1.214	0.969	1.593	0.966
Montezuma	1924	12	11	-999	0.349	0.629	0.395	0.742	0.45	0.835	0.499	0.87	0.621	0.912	0.714	0.956	0.803	0.97	0.977	0.977	1.214	0.981	1.593	0.978
Montezuma	1924	12	18	-999	0.349	0.622	0.395	0.746	0.45	0.84	0.499	0.873	0.621	0.912	0.714	0.955	0.803	0.967	0.977	0.977	1.214	0.982	1.593	0.981
Montezuma	1924	12	19	-999	0.349	0.918	0.395	0.745	0.45	0.836	0.499	0.869	0.621	0.907	0.714	0.953	0.803	0.968	0.977	0.978	1.214	0.98	1.593	0.98
Montezuma	1924	12	21	-999	0.349	0.624	0.395	0.742	0.45	0.835	0.499	0.869	0.621	0.907	0.714	0.954	0.803	0.968	0.977	0.976	1.214	0.979	1.593	0.98
Montezuma	1924	12	22	-999	0.349	0.617	0.395	0.738	0.45	0.833	0.499	0.867	0.621	0.907	0.714	0.951	0.803	0.967	0.977	0.973	1.214	0.977	1.593	0.976
Montezuma	1924	12	23	-999	0.349	0.589	0.395	0.72	0.45	0.815	0.499	0.852	0.621	0.897	0.714	0.939	0.803	0.953	0.977	0.961	1.214	0.968	1.593	0.97
Montezuma	1924	12	24	-999	0.349	0.602	0.395	0.744	0.45	0.812	0.499	0.847	0.621	0.892	0.714	0.936	0.803	0.952	0.977	0.865	1.214	0.971	1.593	0.0969
Montezuma	1924	12	25	-999	0.349	0.919	0.395	0.743	0.45	0.836	0.499	0.867	0.621	0.909	0.714	0.955	0.803	0.967	0.977	0.976	1.214	0.978	1.593	0.978
Montezuma	1924	12	26	-999	0.349	0.608	0.395	0.738	0.45	0.822	0.499	0.859	0.621	0.899	0.714	0.939	0.803	0.956	0.977	0.964	1.214	0.967	1.593	0.966
Montezuma	1924	12	27	-999	0.349	0.579	0.395	0.696	0.45	0.786	0.499	0.819	0.621	0.871	0.714	0.913	0.803	0.932	0.977	0.942	1.214	0.949	1.593	0.947
Montezuma	1924	12	28	-999	0.349	0.592	0.395	0.706	0.45	0.801	0.499	0.84	0.621	0.883	0.714	0.924	0.803	0.943	0.977	0.953	1.214	0.957	1.593	0.957
Montezuma	1925	1	3	-999	0.349	0.594	0.395	0.721	0.45	0.813	0.499	0.847	0.621	0.892	0.714	0.933	0.803	0.948	0.977	0.958	1.214	0.962	1.593	0.962
Montezuma	1925	1	5	-999	0.349	0.586	0.395	0.706	0.45	0.804	0.499	0.841	0.621	0.888	0.714	0.929	0.803	0.948	0.977	0.959	1.214	0.0967	1.593	0.963
Montezuma	1925	1	8	-999	0.349	0.605	0.395	0.725	0.45	0.823	0.499	0.853	0.621	896	0.714	0.942	0.803	0.956	0.977	0.963	1.214	0.968	1.593	0.963
Montezuma	1925	1	9	-999	0.349	0.618	0.395	0.736	0.45	0.827	0.499	0.863	0.621	0.903	0.714	0.948	0.803	0.963	0.977	0.972	1.214	0.977	1.593	0.975
Montezuma	1925	1	10	-999	0.349	0.618	0.395	0.731	0.45	0.829	0.499	0.861	0.621	0.902	0.714	0.944	0.803	0.958	0.977	0.967	1.214	0.973	1.593	0.969
Montezuma	1925	1	11	-999	0.349	0.608	0.395	0.743	0.45	0.832	0.499	0.871	0.621	0.912	0.714	0.951	0.803	0.966	0.977	0.972	1.214	0.977	1.593	0.975
Montezuma	1925	1	13	-999	0.349	0.596	0.395	0.716	0.45	0.799	0.499	0.842	0.621	0.885	0.714	0.927	0.803	0.942	0.977	0.952	1.214	0.958	1.593	0.957
Montezuma	1925	1	14	-999	0.349	0.61	0.395	0.732	0.45	0.82	0.499	0.856	0.621	0.897	0.714	0.941	0.803	0.952	0.977	0.962	1.214	0.966	1.593	0.967
Montezuma	1925	1	19	-999	0.349	0.598	0.395	0.724	0.45	0.769	0.499	0.86	0.621	0.899	0.714	0.943	0.803	0.962	0.977	0.972	1.214	0.974	1.593	0.977
Montezuma	1925	1	24	-999	0.349	0.592	0.395	0.707	0.45	0.805	0.499	0.837	0.621	0.882	0.714	0.919	0.803	0.938	0.977	0.0949	1.214	0.953	1.593	0.952
Montezuma	1925	2	17	-999	0.349	0.623	0.395	0.735	0.45	0.832	0.499	0.865	0.621	0.905	0.714	0.947	0.803	0.962	0.977	0.97	1.214	0.97	1.593	0.971
Montezuma	1925	2	27	-999	0.349	0.615	0.395	0.725	0.45	0.82	0.499	0.857	0.621	0.898	0.714	0.941	0.803	0.957	0.977	0.965	1.214	0.969	1.593	0.967
Montezuma	1925	2	28	-999	0.349	0.603	0.395	0.718	0.45	0.813	0.499	0.848	0.621	0.892	0.714	0.932	0.803	0.947	0.977	0.957	1.214	0.959	1.593	0.958
Montezuma	1925	3	4	-999	0.349	0.628	0.395	0.745	0.45	0.831	0.499	0.868	0.621	0.905	0.714	0.943	0.803	0.958	0.977	0.965	1.214	0.968	1.593	0.967
Montezuma	1925	3	6	-999	0.349	0.596	0.395	0.721	0.45	0.816	0.499	0.853	0.621	0.899	0.714	0.939	0.803	0.957	0.977	0.965	1.214	0.968	1.593	0.967
Montezuma	1925	3	11	-999	0.349	0.619	0.395	0.735	0.45	0.832	0.499	0.867	0.621	0.908	0.714	0.951	0.803	0.967	0.977	0.676	1.214	0.977	1.593	0.976
Montezuma	1925	3	12	-999	0.349	0.612	0.395	0.729	0.45	0.823	0.499	0.859	0.621	0.898	0.714	0.943	0.803	0.959	0.977	0.967	1.214	0.971	1.593	0.969
Montezuma	1925	3	13	-999	0.349	0.602	0.395	0.723	0.45	0.822	0.499	0.859	0.621	0.902	0.714	0.944	0.803	0.96	0.977	0.968	1.214	0.971	1.593	0.972
Montezuma	1925	3	14	-999	0.349	0.608	0.395	0.729	0.45	0.825	0.499	0.862	0.621	0.903	0.714	0.946	0.803	0.958	0.977	0.968	1.214	0.971	1.593	0.97
Montezuma	1925	3	15	-999	0.349	0.603	0.395	0.727	0.45	0.824	0.499	0.867	0.621	0.907	0.714	0.943	0.803	0.966	0.977	0.97	1.214	0.969	1.593	0.971
Montezuma	1925	3	16	-999	0.349	0.618	0.395	0.723	0.45	0.826	0.499	0.866	0.621	0.902	0.714	0.947	0.803	0.961	0.977	0.972	1.214	0.974	1.593	0.972
Montezuma	1925	3	18	-999	0.349	0.575	0.395	0.71	0.45	0.808	0.499	0.853	0.621	0.893	0.714	0.936	0.803	0.95	0.977	0.96	1.214	0.962	1.593	0.965
Montezuma	1925	3	23	-999	0.349	0.59	0.395	0.72	0.45	0.815	0.499	0.866	0.621	0.905	0.714	0.845	0.803	0.962	0.977	0.974	1.214	0.975	1.593	0.978
Montezuma	1925	3	24	-999	0.349	0.59	0.395	0.735	0.45	0.814	0.499	0.867	0.621	0.91	0.714	0.95	0.803	0.965	0.977	0.975	1.214	0.975	1.593	0.976
Montezuma	1925	3	25	-999	0.349	0.603	0.395	0.728	0.45	0.823	0.499	0.859	0.621	0.908	0.714	0.949	0.803	0.963	0.977	0.977	1.214	0.975	1.593	0.977
Montezuma	1925	3	26	-999	0.349	0.6	0.395	0.729	0.45	0.817	0.499	0.864	0.621	0.907	0.714	0.948	0.803	0.963	0.977	0.971	1.214	0.977	1.593	0.977
Montezuma	1925	3	27	-999	0.349	0.581	0.395	0.734	0.45	0.815	0.499	0.869	0.621	0.91	0.714	0.948	0.803	0.961	0.977	0.971	1.214	0.975	1.593	0.974
Montezuma	1925	3	28	-999	0.349	0.587	0.395	0.724	0.45	0.814	0.499	0.865	0.621	0.908	0.714	0.941	0.803	0.959	0.977	0.969	1.214	0.974	1.593	0.972
Montezuma	1925	3	29	-999	0.349	0.585	0.395	0.722	0.45	0.813	0.499	0.857	0.621	0.896	0.714	0.936	0.803	0.951	0.977	0.96	1.214	0.96	1.593	0.962
Montezuma	1925	3	30	-999	0.349	0.6	0.395	0.729	0.45	0.82	0.499	0.867	0.621	0.908	0.714	0.946	0.803	0.959	0.977	0.971	1.214	0.97	1.593	0.971
Montezuma	1925	3	31	-999	0.349	0.604	0.395	0.735	0.45	0.826	0.499	0.867	0.621	0.909	0.714	0.947	0.803	0.961	0.977	0.969	1.214	0.979	1.593	0.971
Montezuma	1925	4	1	-999	0.349	0.6	0.395	0.741	0.45	0.832	0.499	0.874	0.621	0.912	0.714	0.951	0.803	0.965	0.977	0.975	1.214	0.976	1.593	0.975
Montezuma	1925	4	2	-999	0.349	0.599	0.395	0.74	0.45	0.826	0.499	0.872	0.621	0.91	0.714	0.95	0.803	0.961	0.977	0.97	1.214	0.97	1.593	0.972
Montezuma	1925	4	3	-999	0.349	0.596	0.395	0.744	0.45	0.834	0.499	0.874	0.621	0.911	0.714	0.954	0.803	0.965	0.977	0.976	1.214	0.975	1.593	0.975
Montezuma	1925	4	4	-999	0.349	0.605	0.395	0.745	0.45	0.828	0.499	0.867	0.621	0.91	0.714	0.948	0.803	0.964	0.977	0.973	1.214	0.972	1.593	0.975
Montezuma	1925	4	5	-999	0.349	0.6	0.395	0.74	0.45	0.836	0.499	0.876	0.621	0.911	0.714	0.954	0.803	0.968	0.977	0.977	1.214	0.978	1.593	0.982
Montezuma	1925	4	6	-999	0.349	0.614	0.395	0.745	0.45	0.836	0.499	0.879	0.621	0.907	0.714	0.953	0.803	0.963	0.977	0.97	1.214	0.97	1.593	0.98
Montezuma	1925	4	7	-999	0.349	0.605	0.395	0.75	0.45	0.839	0.499	0.879	0.621	0.92	0.714	0.961	0.803	0.971	0.977	0.982	1.214	0.98	1.593	0.98
Montezuma	1925	4	8	-999	0.349	0.595	0.395	0.735	0.45	0.828	0.499	0.877	0.621	0.903	0.714	0.95	0.803	0.966	0.977	0.975	1.214	0.976	1.593	0.98
Montezuma	1925	4	13	-999	0.349	0.621	0.395	0.744	0.45	0.839	0.499	0.884	0.621	0.918	0.714	0.966	0.803	0.98	0.977	0.99	1.214	0.992	1.593	0.992
Montezuma	1925	4	14	-999	0.349	0.605	0.395	0.75	0.45	0.835	0.499	0.88	0.621	0.912	0.714	0.96	0.803	0.968	0.977	0.979	1.214	0.98	1.593	0.984
Montezuma	1925	4	15	-999	0.349	0.602	0.395	0.73	0.45	0.824	0.499	0.873	0.621	0.913	0.714	0.955	0.803	0.968	0.977	0.978	1.214	0.98	1.593	0.98
Montezuma	1925	4	17	-999	0.349	0.603	0.395	0.75	0.45	0.832	0.499	0.873	0.621	0.914	0.714	0.958	0.803	0.97	0.977	0.978	1.214	0.976	1.593	0.98
Montezuma	1925	4	21	-999	0.349	0.617	0.395	0.744	0.45	0.838	0.499	0.874	0.621	0.916	0.714	0.96	0.803	0.97	0.977	0.979	1.214	0.98	1.593	0.98
Montezuma	1925	4	22	-999	0.349	0.611	0.395	0.755	0.45	0.838	0.499	0.876	0.621	0.914	0.714	0.958	0.803	0.971	0.977	0.98	1.214	0.983	1.593	0.98
Montezuma	1925	4	23	-999	0.349	0.616	0.395	0.745	0.45	0.834	0.499	0.873	0.621	0.916	0.714	0.96	0.803	0.968	0.977	0.98	1.214	0.98	1.593	0.98
Montezuma	1925	4	30	-999	0.349	0.606	0.395	0.721	0.45	0.821	0.499	0.852	0.621	0.898	0.714	0.95	0.803	0.963	0.977	0.975	1.214	0.976	1.593	0.976
Montezuma	1925	5	1	-999	0.349	0.605	0.395	0.744	0.45	0.835	0.499	0.876	0.621	0.918	0.714	0.96	0.803	0.97	0.977	0.979	1.214	0.981	1.593	0.983
Montezuma	1925	5	2	-999	0.349	0.63	0.395	0.756	0.45	0.838	0.499	0.879	0.621	0.923	0.714	0.96	0.803	0.973	0.977	0.981	1.214	0.981	1.593	0.982
Montezuma	1925	5	3	-999	0.349	0.606	0.395	0.737	0.45	0.839	0.499	0.876	0.621	0.919	0.714	0.959	0.803	0.967	0.977	0.977	1.214	0.979	1.593	0.981
Montezuma	1925	5	4	-999	0.349	0.619	0.395	0.74	0.45	0.833	0.499	0.873	0.621	0.918	0.714	0.956	0.803	0.969	0.977	0.977	1.214	0.979	1.593	0.981
Montezuma	1925	5	5	-999	0.349	0.616	0.395	0.745	0.45	0.845	0.499	0.879	0.621	0.916	0.714	0.96	0.803	0.972	0.977	0.98	1.214	0.982	1.593	0.982
Montezuma	1925	5	8	-999	0.349	0.626	0.395	0.747	0.45	0.83	0.499	0.878	0.621	0.918	0.714	0.959	0.803	0.974	0.977	0.98	1.214	0.981	1.593	0.98
Montezuma	1925	5	9	-999	0.349	0.621	0.395	0.757	0.45	0.84	0.499	0.881	0.621	0.97	0.714	0.96	0.803	0.971	0.977	0.98	1.214	0.978	1.593	0.98
Montezuma	1925	5	10	-999	0.349	0.641	0.395	0.755	0.45	0.842	0.499	0.878	0.621	0.922	0.714	0.963	0.803	0.976	0.977	0.984	1.214	0.986	1.593	0.984
Montezuma	1925	5	12	-999	0.349	0.627	0.395	0.759	0.45	0.841	0.499	0.88	0.621	0.922	0.714	0.961	0.803	0.971	0.977	0.98	1.214	0.979	1.593	0.981
Montezuma	1925	5	13	-999	0.349	0.617	0.395	0.752	0.45	0.838	0.499	0.881	0.621	0.917	0.714	0.962	0.803	0.974	0.977	0.983	1.214	0.982	1.593	0.977
Montezuma	1925	5	14	-999	0.349	0.614	0.395	0.745	0.45	0.834	0.499	0.88	0.621	0.917	0.714	0.961	0.803	0.973	0.977	0.986	1.214	0.985	1.593	0.981
Montezuma	1925	5	15	-999	0.349	0.622	0.395	0.754	0.45	0.835	0.499	0.884	0.621	0.919	0.714	0.956	0.803	0.971	0.977	0.977	1.214	0.977	1.593	0.975
Montezuma	1925	5	16	-999	0.349	0.623	0.395	0.754	0.45	0.833	0.499	0.878	0.621	0.915	0.714	0.958	0.803	0.97	0.977	0.979	1.214	0.98	1.593	0.975
Montezuma	1925	5	17	-999	0.349	0.614	0.395	0.756	0.45	0.844	0.499	0.877	0.621	0.92	0.714	0.962	0.803	0.972	0.977	0.981	1.214	0.981	1.593	0.98
Montezuma	1925	5	22	-999	0.349	0.618	0.395	0.746	0.45	0.831	0.499	0.877	0.621	0.917	0.714	0.955	0.803	0.969	0.977	0.977	1.214	0.983	1.593	0.98
Montezuma	1925	5	31	-999	0.349	0.627	0.395	0.752	0.45	0.844	0.499	0.877	0.621	0.919	0.714	0.964	0.803	0.972	0.977	0.982	1.214	0.984	1.593	0.983
Montezuma	1925	6	1	-999	0.349	0.624	0.395	0.76	0.45	0.841	0.499	0.885	0.621	0.926	0.714	0.97	0.803	0.978	0.977	0.987	1.214	0.989	1.593	0.986
Montezuma	1925	6	2	-999	0.349	0.613	0.395	0.75	0.45	0.841	0.499	0.877	0.621	0.916	0.714	0.966	0.803	0.972	0.977	0.984	1.214	0.984	1.593	0.983
Montezuma	1925	6	3	-999	0.349	0.622	0.395	0.759	0.45	0.839	0.499	0.886	0.621	0.923	0.714	0.968	0.803	0.976	0.977	0.983	1.214	0.986	1.593	0.988
Montezuma	1925	6	16	-999	0.349	0.639	0.395	0.756	0.45	0.84	0.499	0.882	0.621	0.917	0.714	0.963	0.803	0.975	0.977	0.983	1.214	0.988	1.593	0.987
Montezuma	1925	6	17	-999	0.349	0.624	0.395	0.764	0.45	0.83	0.499	0.873	0.621	0.919	0.714	0.962	0.803	0.974	0.977	0.984	1.214	0.986	1.593	0.986
Montezuma	1925	6	18	-999	0.349	0.632	0.395	0.742	0.45	0.841	0.499	0.878	0.621	0.913	0.714	0.958	0.803	0.97	0.977	0.979	1.214	0.98	1.593	0.984
Montezuma	1925	6	19	-999	0.349	0.629	0.395	0.751	0.45	0.843	0.499	0.883	0.621	0.915	0.714	0.963	0.803	0.976	0.977	0.987	1.214	0.99	1.593	0.986
Montezuma	1925	6	21	-999	0.349	0.62	0.395	0.75	0.45	0.838	0.499	0.874	0.621	0.918	0.714	0.963	0.803	0.973	0.977	0.981	1.214	0.984	1.593	0.984
Montezuma	1925	6	22	-999	0.349	0.642	0.395	0.746	0.45	0.839	0.499	0.877	0.621	0.917	0.714	0.961	0.803	0.975	0.977	0.983	1.214	0.986	1.593	0.984
Montezuma	1925	6	23	-999	0.349	0.617	0.395	0.755	0.45	0.833	0.499	0.88	0.621	0.92	0.714	0.962	0.803	0.977	0.977	0.985	1.214	0.981	1.593	0.98
Montezuma	1925	6	24	-999	0.349	0.623	0.395	0.745	0.45	0.834	0.499	0.879	0.621	0.921	0.714	0.963	0.803	0.973	0.977	0.987	1.214	0.984	1.593	0.983
Montezuma	1925	6	25	-999	0.349	0.627	0.395	0.745	0.45	0.84	0.499	0.884	0.621	0.925	0.714	0.966	0.803	0.978	0.977	0.985	1.214	0.988	1.593	0.987
Montezuma	1925	6	26	-999	0.349	0.63	0.395	0.748	0.45	0.835	0.499	0.882	0.621	0.92	0.714	0.967	0.803	0.976	0.977	0.986	1.214	0.989	1.593	0.987
Montezuma	1925	6	27	-999	0.349	0.626	0.395	0.761	0.45	0.838	0.499	0.882	0.621	0.92	0.714	0.965	0.803	0.975	0.977	0.985	1.214	0.985	1.593	0.983
Montezuma	1925	6	29	-999	0.349	0.616	0.395	0.749	0.45	0.841	0.499	0.876	0.621	0.92	0.714	0.962	0.803	0.972	0.977	0.982	1.214	0.981	1.593	0.981
Montezuma	1925	7	1	-999	0.349	0.61	0.395	0.74	0.45	0.82	0.499	0.872	0.621	0.914	0.714	0.96	0.803	0.968	0.977	0.977	1.214	0.984	1.593	0.985
Montezuma	1925	7	3	-999	0.349	0.631	0.395	0.752	0.45	0.835	0.499	0.879	0.621	0.922	0.714	0.964	0.803	0.976	0.977	0.981	1.214	0.985	1.593	0.985
Montezuma	1925	7	13	-999	0.349	0.625	0.395	0.748	0.45	0.838	0.499	0.877	0.621	0.916	0.714	0.965	0.803	0.976	0.977	0.989	1.214	0.988	1.593	0.988
Montezuma	1925	7	16	-999	0.349	0.636	0.395	0.75	0.45	0.84	0.499	0.881	0.621	0.924	0.714	0.961	0.803	0.97	0.977	0.981	1.214	0.982	1.593	0.981
Montezuma	1925	7	20	-999	0.349	0.621	0.395	0.751	0.45	0.84	0.499	0.881	0.621	0.92	0.714	0.96	0.803	0.973	0.977	0.983	1.214	0.984	1.593	0.984
Montezuma	1925	7	24	-999	0.349	0.626	0.395	0.746	0.45	0.83	0.499	0.881	0.621	0.923	0.714	0.963	0.803	0.974	0.977	0.986	1.214	0.984	1.593	0.986
Montezuma	1925	7	30	-999	0.349	0.624	0.395	0.741	0.45	0.834	0.499	0.873	0.621	0.917	0.714	0.96	0.803	0.972	0.977	0.98	1.214	0.982	1.593	0.983
Montezuma	1925	7	31	-999	0.349	0.616	0.395	0.739	0.45	0.823	0.499	0.87	0.621	0.917	0.714	0.958	0.803	0.969	0.977	0.978	1.214	0.979	1.593	0.979
Montezuma	1925	8	5	-999	0.349	0.643	0.395	0.756	0.45	0.842	0.499	0.884	0.621	0.924	0.714	0.967	0.803	0.978	0.977	0.984	1.214	0.985	1.593	0.987
Montezuma	1925	8	7	-999	0.349	0.643	0.395	0.751	0.45	0.841	0.499	0.882	0.621	0.92	0.714	0.954	0.803	0.975	0.977	0.987	1.214	0.988	1.593	0.989
Montezuma	1925	9	7	-999	0.349	0.623	0.395	0.754	0.45	0.834	0.499	0.877	0.621	0.917	0.714	0.961	0.803	0.973	0.977	0.979	1.214	0.98	1.593	0.981
Montezuma	1925	9	15	-999	0.349	0.61	0.395	0.747	0.45	0.836	0.499	0.874	0.621	0.917	0.714	0.959	0.803	0.974	0.977	0.982	1.214	0.984	1.593	0.979
Montezuma	1925	9	24	-999	0.349	0.63	0.395	0.745	0.45	0.837	0.499	0.879	0.621	0.916	0.714	0.96	0.803	0.974	0.977	0.984	1.214	0.985	1.593	0.984
Montezuma	1925	9	30	-999	0.349	0.626	0.395	0.752	0.45	0.838	0.499	0.878	0.621	0.919	0.714	0.966	0.803	0.976	0.977	0.984	1.214	0.984	1.593	0.982
Montezuma	1925	10	8	-999	0.349	0.62	0.395	0.75	0.45	0.836	0.499	0.879	0.621	0.917	0.714	0.963	0.803	0.973	0.977	0.984	1.214	0.986	1.593	0.984
Montezuma	1925	10	13	-999	0.349	0.628	0.395	0.75	0.45	0.841	0.499	0.879	0.621	0.918	0.714	0.961	0.803	0.973	0.977	0.982	1.214	0.982	1.593	0.983
Montezuma	1925	10	13	-999	0.349	0.624	0.395	0.756	0.45	0.84	0.499	0.878	0.621	0.917	0.714	0.959	0.803	0.972	0.977	0.98	1.214	0.981	1.593	0.981
Montezuma	1925	10	30	-999	0.349	0.63	0.395	0.756	0.45	0.836	0.499	0.877	0.621	0.917	0.714	0.961	0.803	0.971	0.977	0.981	1.214	0.981	1.593	0.98
Montezuma	1925	11	10	-999	0.349	0.617	0.395	0.737	0.45	0.818	0.499	0.866	0.621	0.908	0.714	0.95	0.803	0.963	0.977	0.973	1.214	0.975	1.593	0.972
Montezuma	1925	11	19	-999	0.349	0.621	0.395	0.74	0.45	0.826	0.499	0.868	0.621	0.912	0.714	0.954	0.803	0.967	0.977	0.975	1.214	0.977	1.593	0.976
Montezuma	1925	12	4	-999	0.349	0.604	0.395	0.744	0.45	0.824	0.499	0.864	0.621	0.905	0.714	0.945	0.803	0.955	0.977	0.965	1.214	0.971	1.593	0.975
Montezuma	1925	12	29	-999	0.349	0.61	0.395	0.739	0.45	0.821	0.499	0.865	0.621	0.905	0.714	0.946	0.803	0.96	0.977	0.966	1.214	0.971	1.593	0.97
Montezuma	1926	1	11	-999	0.349	0.621	0.395	0.75	0.45	0.831	0.499	0.874	0.621	0.916	0.714	0.952	0.803	0.966	0.977	0.978	1.214	0.977	1.593	0.976
Montezuma	1926	2	15	-999	0.349	0.612	0.395	0.73	0.45	0.818	0.499	0.873	0.621	0.917	0.714	0.955	0.803	0.97	0.977	0.975	1.214	0.977	1.593	0.981
Montezuma	1926	3	12	-999	0.349	0.592	0.395	0.722	0.45	0.801	0.499	0.853	0.621	0.902	0.714	0.942	0.803	0.955	0.977	0.966	1.214	0.964	1.593	0.966
Montezuma	1926	3	29	-999	0.349	0.594	0.395	0.728	0.45	0.815	0.499	0.863	0.621	0.905	0.714	0.947	0.803	0.958	0.977	0.964	1.214	0.967	1.593	0.97
Montezuma	1926	4	5	-999	0.349	0.595	0.395	0.729	0.45	0.817	0.499	0.863	0.621	0.916	0.714	0.952	0.803	0.967	0.977	0.976	1.214	0.98	1.593	0.98
Montezuma	1926	4	8	-999	0.349	0.597	0.395	0.741	0.45	0.815	0.499	0.863	0.621	0.915	0.714	0.948	0.803	0.964	0.977	0.977	1.214	0.975	1.593	0.976
Montezuma	1926	4	15	-999	0.349	0.63	0.395	0.75	0.45	0.839	0.499	0.879	0.621	0.921	0.714	0.963	0.803	0.972	0.977	0.982	1.214	0.985	1.593	0.985
Montezuma	1926	4	20	-999	0.349	0.596	0.395	0.736	0.45	0.826	0.499	0.877	0.621	0.918	0.714	0.957	0.803	0.971	0.977	0.98	1.214	0.98	1.593	0.98
Montezuma	1926	5	6	-999	0.349	0.611	0.395	0.745	0.45	0.836	0.499	0.868	0.621	0.917	0.714	0.957	0.803	0.968	0.977	0.979	1.214	0.982	1.593	0.983
Montezuma	1926	5	27	-999	0.349	-999	0.395	0.75	0.45	0.834	0.499	0.86	0.621	0.924	0.714	0.962	0.803	0.973	0.977	0.982	1.214	0.985	1.593	0.982
Montezuma	1926	7	5	-999	0.349	0.645	0.395	0.753	0.45	0.842	0.499	0.888	0.621	0.926	0.714	0.969	0.803	0.98	0.977	0.99	1.214	0.99	1.593	0.982
Montezuma	1926	7	13	-999	0.349	0.613	0.395	0.76	0.45	0.838	0.499	0.887	0.621	0.929	0.714	0.97	0.803	0.982	0.977	0.989	1.214	0.991	1.593	0.989
Montezuma	1926	7	22	-999	0.349	0.625	0.395	0.75	0.45	0.83	0.499	0.874	0.621	0.916	0.714	0.955	0.803	0.967	0.977	0.976	1.214	0.979	1.593	0.975
Montezuma	1926	8	6	-999	0.349	0.637	0.395	0.743	0.45	0.843	0.499	0.884	0.621	0.923	0.714	0.967	0.803	0.978	0.977	0.985	1.214	0.989	1.593	0.987
Montezuma	1926	8	31	-999	0.349	0.631	0.395	0.746	0.45	0.825	0.499	0.873	0.621	0.908	0.714	0.96	0.803	0.974	0.977	0.982	1.214	0.992	1.593	0.987
Montezuma	1926	10	9	-999	0.349	0.636	0.395	0.756	0.45	0.835	0.499	0.88	0.621	0.918	0.714	0.959	0.803	0.97	0.977	0.978	1.214	0.979	1.593	0.982
Montezuma	1926	10	15	-999	0.349	0.627	0.395	0.76	0.45	0.848	0.499	0.883	0.621	0.927	0.714	0.968	0.803	0.98	0.977	0.988	1.214	0.988	1.593	0.987
Montezuma	1926	10	19	-999	0.349	0.628	0.395	0.755	0.45	0.832	0.499	0.862	0.621	0.904	0.714	0.959	0.803	0.973	0.977	0.984	1.214	0.981	1.593	0.986
Montezuma	1926	11	2	-999	0.349	0.622	0.395	0.766	0.45	0.845	0.499	0.883	0.621	0.919	0.714	0.963	0.803	0.975	0.977	0.983	1.214	0.982	1.593	0.984
Montezuma	1926	11	25	-999	0.349	0.596	0.395	0.709	0.45	0.802	0.499	0.849	0.621	0.892	0.714	0.933	0.803	0.946	0.977	0.961	1.214	0.96	1.593	0.969
Montezuma	1927	1	4	-999	0.349	0.609	0.395	0.737	0.45	0.823	0.499	0.863	0.621	0.907	0.714	0.947	0.803	0.958	0.977	0.965	1.214	0.965	1.593	0.973
Montezuma	1927	2	12	-999	0.349	0.621	0.395	0.744	0.45	0.837	0.499	0.88	0.621	0.917	0.714	0.959	0.803	0.97	0.977	0.978	1.214	0.98	1.593	0.979
Montezuma	1927	3	21	-999	0.349	0.621	0.395	0.743	0.45	0.83	0.499	0.869	0.621	0.91	0.714	0.954	0.803	0.966	0.977	0.973	1.214	0.975	1.593	0.977
Montezuma	1927	4	3	-999	0.349	0.609	0.395	0.751	0.45	0.84	0.499	0.88	0.621	0.916	0.714	0.959	0.803	0.973	0.977	0.981	1.214	0.88	1.593	0.984
Montezuma	1927	4	13	-999	0.349	0.6	0.395	0.742	0.45	0.838	0.499	0.88	0.621	0.918	0.714	0.959	0.803	0.97	0.977	0.98	1.214	0.983	1.593	0.983
Montezuma	1927	4	20	-999	0.349	0.605	0.395	0.752	0.45	0.836	0.499	0.881	0.621	0.919	0.714	0.958	0.803	0.969	0.977	0.979	1.214	0.979	1.593	0.981
Montezuma	1927	4	27	-999	0.349	0.618	0.395	0.755	0.45	0.84	0.499	0.879	0.621	0.92	0.714	0.961	0.803	0.975	0.977	0.984	1.214	0.984	1.593	0.985
Montezuma	1927	5	3	-999	0.349	0.616	0.395	0.76	0.45	0.844	0.499	0.879	0.621	0.917	0.714	0.962	0.803	0.973	0.977	0.981	1.214	0.981	1.593	0.982
Montezuma	1927	5	10	-999	0.349	0.614	0.395	0.751	0.45	0.841	0.499	0.876	0.621	0.921	0.714	0.959	0.803	0.974	0.977	0.982	1.214	0.984	1.593	0.981
Montezuma	1927	5	24	-999	0.349	0.619	0.395	0.771	0.45	0.849	0.499	0.883	0.621	0.924	0.714	0.963	0.803	0.974	0.977	0.983	1.214	0.984	1.593	0.981
Montezuma	1927	6	8	-999	0.349	0.62	0.395	0.755	0.45	0.833	0.499	0.878	0.621	0.921	0.714	0.962	0.803	0.976	0.977	0.985	1.214	0.984	1.593	0.983
Montezuma	1927	6	24	-999	0.349	0.628	0.395	0.76	0.45	0.842	0.499	0.88	0.621	0.922	0.714	0.963	0.803	0.975	0.977	0.983	1.214	0.983	1.593	0.984
Montezuma	1927	6	28	-999	0.349	0.634	0.395	0.76	0.45	0.847	0.499	0.884	0.621	0.926	0.714	0.966	0.803	0.975	0.977	0.988	1.214	0.987	1.593	0.986
Montezuma	1927	7	11	-999	0.349	0.625	0.395	0.75	0.45	0.826	0.499	0.882	0.621	0.923	0.714	0.96	0.803	0.974	0.977	0.981	1.214	0.98	1.593	0.985
Montezuma	1927	7	18	-999	0.349	0.617	0.395	0.751	0.45	0.841	0.499	0.877	0.621	0.919	0.714	0.96	0.803	0.97	0.977	0.981	1.214	0.984	1.593	0.986
Montezuma	1927	7	25	-999	0.349	0.606	0.395	0.76	0.45	0.854	0.499	0.941	0.621	0.939	0.714	0.969	0.803	0.978	0.977	0.985	1.214	0.988	1.593	0.984
Montezuma	1927	8	1	-999	0.349	0.608	0.395	0.745	0.45	0.831	0.499	0.876	0.621	0.922	0.714	0.962	0.803	0.977	0.977	0.984	1.214	0.986	1.593	0.985
Montezuma	1927	8	8	-999	0.349	0.625	0.395	0.756	0.45	0.853	0.499	0.887	0.621	0.921	0.714	0.961	0.803	0.979	0.977	0.989	1.214	0.987	1.593	0.986
Montezuma	1927	8	16	-999	0.349	0.622	0.395	0.758	0.45	0.821	0.499	0.883	0.621	0.923	0.714	0.965	0.803	0.977	0.977	0.985	1.214	0.989	1.593	0.984
Montezuma	1927	8	30	-999	0.349	0.613	0.395	0.75	0.45	0.842	0.499	0.887	0.621	0.926	0.714	0.968	0.803	0.98	0.977	0.987	1.214	0.988	1.593	0.987
Montezuma	1927	9	12	-999	0.349	0.622	0.395	0.749	0.45	0.837	0.499	0.88	0.621	0.919	0.714	0.963	0.803	0.977	0.977	0.985	1.214	0.984	1.593	0.985
Montezuma	1927	9	20	-999	0.349	0.616	0.395	0.748	0.45	0.845	0.499	0.884	0.621	0.923	0.714	0.965	0.803	0.976	0.977	0.983	1.214	0.984	1.593	0.985
Montezuma	1927	10	4	-999	0.349	0.626	0.395	0.752	0.45	0.83	0.499	0.877	0.621	0.917	0.714	0.963	0.803	0.973	0.977	0.983	1.214	0.986	1.593	0.986
Montezuma	1927	10	12	-999	0.349	0.621	0.395	0.75	0.45	0.841	0.499	0.879	0.621	0.923	0.714	0.963	0.803	0.973	0.977	0.982	1.214	0.981	1.593	0.981
Montezuma	1927	10	22	-999	0.349	0.623	0.395	0.74	0.45	0.841	0.499	0.882	0.621	0.933	0.714	0.964	0.803	0.976	0.977	0.984	1.214	0.985	1.593	0.985
Montezuma	1927	11	3	-999	0.349	0.626	0.395	0.757	0.45	0.842	0.499	0.878	0.621	0.919	0.714	0.962	0.803	0.974	0.977	0.984	1.214	0.985	1.593	0.987
Montezuma	1927	11	10	-999	0.349	0.611	0.395	0.754	0.45	0.841	0.499	0.878	0.621	0.924	0.714	0.96	0.803	0.973	0.977	0.984	1.214	0.986	1.593	0.986
Montezuma	1927	11	23	-999	0.349	0.604	0.395	0.741	0.45	0.825	0.499	0.862	0.621	0.904	0.714	0.945	0.803	0.959	0.977	0.968	1.214	0.972	1.593	0.973
Montezuma	1927	12	2	-999	0.349	0.625	0.395	0.76	0.45	0.851	0.499	0.886	0.621	0.927	0.714	0.964	0.803	0.977	0.977	0.987	1.214	0.99	1.593	0.992
Montezuma	1927	12	10	-999	0.349	0.616	0.395	0.74	0.45	0.832	0.499	0.868	0.621	0.914	0.714	0.946	0.803	0.964	0.977	0.974	1.214	0.975	1.593	0.98
Montezuma	1928	1	3	-999	0.349	0.62	0.395	0.751	0.45	0.843	0.499	0.878	0.621	0.921	0.714	0.962	0.803	0.975	0.977	0.982	1.214	0.982	1.593	0.983
Montezuma	1928	2	7	-999	0.349	0.662	0.395	0.746	0.45	0.841	0.499	0.872	0.621	0.921	0.714	0.953	0.803	0.968	0.977	0.975	1.214	0.976	1.593	0.98
Montezuma	1928	3	9	-999	0.349	0.617	0.395	0.75	0.45	0.844	0.499	0.88	0.621	0.92	0.714	0.954	0.803	0.968	0.977	0.984	1.214	0.985	1.593	0.985
Montezuma	1928	4	9	-999	0.349	0.619	0.395	0.757	0.45	0.848	0.499	0.88	0.621	0.926	0.714	0.968	0.803	0.976	0.977	0.986	1.214	0.984	1.593	0.983
Montezuma	1928	4	28	-999	0.349	0.604	0.395	0.765	0.45	0.845	0.499	0.874	0.621	0.922	0.714	0.983	0.803	0.978	0.977	0.986	1.214	0.985	1.593	0.0985
Montezuma	1928	5	11	-999	0.349	0.611	0.395	0.75	0.45	0.846	0.499	0.889	0.621	0.931	0.714	0.968	0.803	0.98	0.977	0.986	1.214	0.984	1.593	0.986
Montezuma	1928	5	22	-999	0.349	0.63	0.395	0.766	0.45	0.848	0.499	0.884	0.621	0.927	0.714	0.967	0.803	0.979	0.977	0.985	1.214	0.986	1.593	0.986
Montezuma	1928	5	30	-999	0.349	0.611	0.395	0.768	0.45	0.849	0.499	0.884	0.621	0.93	0.714	0.961	0.803	0.979	0.977	0.984	1.214	0.986	1.593	0.985
Montezuma	1928	6	9	-999	0.349	0.633	0.395	0.764	0.45	0.848	0.499	0.885	0.621	0.927	0.714	0.969	0.803	0.979	0.977	0.986	1.214	0.986	1.593	0.98
Montezuma	1928	7	3	-999	0.349	0.606	0.395	0.758	0.45	0.856	0.499	0.89	0.621	0.93	0.714	0.97	0.803	0.982	0.977	0.986	1.214	0.983	1.593	0.981
Montezuma	1928	7	25	-999	0.349	0.608	0.395	0.756	0.45	0.84	0.499	0.879	0.621	0.92	0.714	0.969	0.803	0.978	0.977	0.886	1.214	0.984	1.593	0.985
Montezuma	1928	8	6	-999	0.349	0.615	0.395	0.758	0.45	0.855	0.499	0.888	0.621	0.929	0.714	0.972	0.803	0.983	0.977	0.986	1.214	0.986	1.593	0.985
Montezuma	1928	8	14	-999	0.349	0.609	0.395	0.759	0.45	0.854	0.499	0.884	0.621	0.924	0.714	0.966	0.803	0.977	0.977	0.985	1.214	0.986	1.593	0.985
Montezuma	1928	8	20	-999	0.349	0.602	0.395	0.738	0.45	0.836	0.499	0.872	0.621	0.92	0.714	0.962	0.803	0.98	0.977	0.985	1.214	0.985	1.593	0.985
Montezuma	1928	9	20	-999	0.349	0.604	0.395	0.746	0.45	0.84	0.499	0.875	0.621	0.918	0.714	0.961	0.803	0.976	0.977	0.985	1.214	0.983	1.593	0.984
Montezuma	1928	10	2	-999	0.349	0.576	0.395	0.731	0.45	0.814	0.499	0.849	0.621	0.9	0.714	0.742	0.803	0.958	0.977	0.97	1.214	0.975	1.593	0.975
Montezuma	1928	10	9	-999	0.349	0.624	0.395	0.733	0.45	0.816	0.499	0.851	0.621	0.904	0.714	0.949	0.803	0.964	0.977	0.975	1.214	0.974	1.593	0.974
Montezuma	1928	10	19	-999	0.349	0.611	0.395	0.743	0.45	0.83	0.499	0.863	0.621	0.914	0.714	0.956	0.803	0.967	0.977	0.977	1.214	0.976	1.593	0.977
Montezuma	1928	10	29	-999	0.349	0.591	0.395	0.732	0.45	0.831	0.499	0.871	0.621	0.913	0.714	0.954	0.803	0.965	0.977	0.975	1.214	0.986	1.593	0.98
Montezuma	1928	11	22	-999	0.349	0.592	0.395	0.725	0.45	0.833	0.499	0.869	0.621	0.91	0.714	0.957	0.803	0.967	0.977	0.974	1.214	0.978	1.593	0.975
Montezuma	1928	11	27	-999	0.349	0.607	0.395	0.734	0.45	0.827	0.499	0.864	0.621	0.906	0.714	0.951	0.803	0.963	0.977	0.972	1.214	0.977	1.593	0.969
Montezuma	1928	12	5	-999	0.349	0.545	0.395	0.708	0.45	0.803	0.499	0.826	0.621	0.86	0.714	0.909	0.803	0.925	0.977	0.934	1.214	0.939	1.593	0.95
Montezuma	1928	12	13	-999	0.349	0.606	0.395	0.731	0.45	0.827	0.499	0.87	0.621	0.91	0.714	0.954	0.803	0.965	0.977	0.976	1.214	0.982	1.593	0.981
Montezuma	1928	12	20	-999	0.349	0.585	0.395	0.734	0.45	0.832	0.499	0.861	0.621	0.906	0.714	0.951	0.803	0.965	0.977	0.976	1.214	0.978	1.593	0.975
Montezuma	1929	1	17	-999	0.349	0.613	0.395	0.744	0.45	0.836	0.499	0.871	0.621	0.915	0.714	0.953	0.803	0.969	0.977	0.974	1.214	0.977	1.593	0.98
Montezuma	1929	2	5	-999	0.349	0.605	0.395	0.715	0.45	0.815	0.499	0.864	0.621	0.906	0.714	0.951	0.803	0.966	0.977	0.975	1.214	0.977	1.593	0.984
Montezuma	1929	3	14	-999	0.349	0.594	0.395	0.711	0.45	0.81	0.499	0.86	0.621	0.906	0.714	0.952	0.803	0.97	0.977	0.98	1.214	0.984	1.593	0.985
Montezuma	1929	3	23	-999	0.349	0.621	0.395	0.728	0.45	0.827	0.499	0.878	0.621	0.918	0.714	0.961	0.803	0.974	0.977	0.982	1.214	0.985	1.593	0.987
Montezuma	1929	4	5	-999	0.349	0.623	0.395	0.725	0.45	0.816	0.499	0.871	0.621	0.91	0.714	0.953	0.803	0.967	0.977	0.979	1.214	0.981	1.593	0.986
Montezuma	1929	4	11	-999	0.349	0.63	0.395	0.754	0.45	0.841	0.499	0.895	0.621	0.927	0.714	0.972	0.803	0.985	0.977	0.989	1.214	0.989	1.593	0.991
Montezuma	1929	4	16	-999	0.349	0.625	0.395	0.745	0.45	0.84	0.499	0.891	0.621	0.924	0.714	0.97	0.803	0.981	0.977	0.986	1.214	0.987	1.593	0.986
Montezuma	1929	4	22	-999	0.349	0.633	0.395	0.746	0.45	0.838	0.499	0.886	0.621	0.922	0.714	0.969	0.803	0.98	0.977	0.987	1.214	0.986	1.593	0.986
Montezuma	1929	4	27	-999	0.349	0.621	0.395	0.74	0.45	0.835	0.499	0.886	0.621	0.922	0.714	0.966	0.803	0.98	0.977	0.988	1.214	0.985	1.593	0.986
Montezuma	1929	5	5	-999	0.349	0.631	0.395	0.735	0.45	0.83	0.499	0.875	0.621	0.925	0.714	0.974	0.803	0.98	0.977	0.986	1.214	0.983	1.593	0.988
Montezuma	1929	5	11	-999	0.349	0.645	0.395	0.75	0.45	0.845	0.499	0.891	0.621	0.921	0.714	0.972	0.803	0.985	0.977	0.988	1.214	0.985	1.593	0.988
Montezuma	1929	5	17	-999	0.349	0.641	0.395	0.741	0.45	0.834	0.499	0.884	0.621	0.925	0.714	0.969	0.803	0.978	0.977	0.987	1.214	0.986	1.593	0.985
Montezuma	1929	5	23	-999	0.349	0.635	0.395	0.741	0.45	0.833	0.499	0.881	0.621	0.923	0.714	0.963	0.803	0.978	0.977	0.988	1.214	0.988	1.593	0.985
Montezuma	1929	5	28	-999	0.349	0.63	0.395	0.747	0.45	0.839	0.499	0.886	0.621	0.922	0.714	0.971	0.803	0.984	0.977	0.987	1.214	0.988	1.593	0.986
Montezuma	1929	6	5	-999	0.349	0.622	0.395	0.75	0.45	0.834	0.499	0.883	0.621	0.92	0.714	0.962	0.803	0.98	0.977	0.982	1.214	0.985	1.593	0.987
Montezuma	1929	6	12	-999	0.349	0.634	0.395	0.741	0.45	0.835	0.499	0.886	0.621	0.918	0.714	0.965	0.803	0.98	0.977	0.986	1.214	0.985	1.593	0.986
Montezuma	1929	6	24	-999	0.349	0.64	0.395	0.75	0.45	0.835	0.499	0.884	0.621	0.925	0.714	0.961	0.803	0.983	0.977	0.986	1.214	0.985	1.593	0.986
Montezuma	1929	6	25	-999	0.349	0.632	0.395	0.74	0.45	0.828	0.499	0.88	0.621	0.916	0.714	0.96	0.803	0.977	0.977	0.98	1.214	0.983	1.593	0.986
Montezuma	1929	7	1	-999	0.349	0.639	0.395	0.743	0.45	0.833	0.499	0.885	0.621	0.916	0.714	0.97	0.803	0.98	0.977	0.986	1.214	0.983	1.593	0.984
Montezuma	1929	7	6	-999	0.349	0.632	0.395	0.725	0.45	0.826	0.499	0.878	0.621	0.917	0.714	0.864	0.803	0.978	0.977	0.986	1.214	0.984	1.593	0.984
Montezuma	1929	7	11	-999	0.349	0.65	0.395	0.744	0.45	0.844	0.499	0.884	0.621	0.922	0.714	0.968	0.803	0.979	0.977	0.985	1.214	0.984	1.593	0.98
Montezuma	1929	7	15	-999	0.349	0.596	0.395	0.73	0.45	0.824	0.499	0.875	0.621	0.91	0.714	0.962	0.803	0.972	0.977	0.985	1.214	0.98	1.593	0.985
Montezuma	1929	7	22	-999	0.349	0.625	0.395	0.735	0.45	0.826	0.499	0.88	0.621	0.914	0.714	0.962	0.803	0.975	0.977	0.984	1.214	0.986	1.593	0.984
Montezuma	1929	7	30	-999	0.349	0.623	0.395	0.738	0.45	0.821	0.499	0.881	0.621	0.923	0.714	0.965	0.803	0.98	0.977	0.985	1.214	0.98	1.593	0.986
Montezuma	1929	8	5	-999	0.349	0.627	0.395	0.741	0.45	0.826	0.499	0.878	0.621	0.915	0.714	0.961	0.803	0.985	0.977	0.984	1.214	0.985	1.593	0.985
Montezuma	1929	8	13	-999	0.349	0.621	0.395	0.747	0.45	0.825	0.499	0.885	0.621	0.916	0.714	0.964	0.803	0.978	0.977	0.986	1.214	0.986	1.593	0.986
Montezuma	1929	8	17	-999	0.349	0.618	0.395	0.735	0.45	0.818	0.499	0.876	0.621	0.911	0.714	0.959	0.803	0.67	0.977	0.984	1.214	0.985	1.593	0.986
Montezuma	1929	8	25	-999	0.349	0.642	0.395	0.751	0.45	0.834	0.499	0.889	0.621	0.919	0.714	0.969	0.803	0.984	0.977	0.983	1.214	0.98	1.593	0.988
Montezuma	1929	9	4	-999	0.349	0.635	0.395	0.74	0.45	0.825	0.499	0.876	0.621	0.91	0.714	0.96	0.803	0.973	0.977	0.985	1.214	0.981	1.593	0.984
Montezuma	1929	9	9	-999	0.349	0.636	0.395	0.744	0.45	0.83	0.499	0.877	0.621	0.925	0.714	0.955	0.803	0.971	0.977	0.985	1.214	0.981	1.593	0.98
Montezuma	1929	9	14	-999	0.349	0.631	0.395	0.744	0.45	0.83	0.499	0.88	0.621	0.916	0.714	0.961	0.803	0.971	0.977	0.983	1.214	0.981	1.593	0.978
Montezuma	1929	9	21	-999	0.349	0.621	0.395	0.74	0.45	0.825	0.499	0.874	0.621	0.907	0.714	0.956	0.803	0.968	0.977	0.98	1.214	0.981	1.593	0.984
Montezuma	1929	9	22	-999	0.349	0.615	0.395	0.736	0.45	0.82	0.499	0.866	0.621	0.908	0.714	0.956	0.803	0.97	0.977	0.978	1.214	0.976	1.593	0.985
Montezuma	1929	9	29	-999	0.349	0.634	0.395	0.744	0.45	0.826	0.499	0.881	0.621	0.911	0.714	0.96	0.803	0.972	0.977	0.985	1.214	0.98	1.593	0.985
Montezuma	1929	10	5	-999	0.349	0.624	0.395	0.74	0.45	0.833	0.499	0.881	0.621	0.907	0.714	0.957	0.803	0.969	0.977	0.979	1.214	0.979	1.593	0.98
Montezuma	1929	10	17	-999	0.349	0.623	0.395	0.729	0.45	0.821	0.499	0.871	0.621	0.91	0.714	0.958	0.803	0.97	0.977	0.98	1.214	0.985	1.593	0.986
Montezuma	1929	11	2	-999	0.349	0.604	0.395	0.731	0.45	0.825	0.499	0.871	0.621	0.906	0.714	0.955	0.803	0.966	0.977	0.977	1.214	0.978	1.593	0.985
Montezuma	1929	11	4	-999	0.349	0.64	0.395	0.746	0.45	0.836	0.499	0.883	0.621	0.916	0.714	0.961	0.803	0.973	0.977	0.984	1.214	0.984	1.593	0.983
Montezuma	1929	11	9	-999	0.349	0.631	0.395	0.741	0.45	0.834	0.499	0.882	0.621	0.912	0.714	0.959	0.803	0.97	0.977	0.983	1.214	0.982	1.593	0.99
Montezuma	1929	11	13	-999	0.349	0.601	0.395	0.706	0.45	0.79	0.499	0.831	0.621	0.869	0.714	0.906	0.803	0.926	0.977	0.93	1.214	0.927	1.593	0.945
Montezuma	1929	11	24	-999	0.349	0.629	0.395	0.737	0.45	0.831	0.499	0.879	0.621	0.91	0.714	0.955	0.803	0.966	0.977	0.982	1.214	0.983	1.593	0.984
Montezuma	1929	11	29	-999	0.349	0.624	0.395	0.741	0.45	0.827	0.499	0.876	0.621	0.911	0.714	0.955	0.803	0.967	0.977	0.977	1.214	0.974	1.593	0.983
Montezuma	1929	12	5	-999	0.349	0.637	0.395	0.736	0.45	0.827	0.499	0.877	0.621	0.911	0.714	0.956	0.803	0.963	0.977	0.978	1.214	0.979	1.593	0.985
Montezuma	1929	12	11	-999	0.349	0.633	0.395	0.744	0.45	0.836	0.499	0.88	0.621	0.913	0.714	0.958	0.803	0.97	0.977	0.98	1.214	0.976	1.593	0.983
Montezuma	1929	12	19	-999	0.349	0.645	0.395	0.742	0.45	0.83	0.499	0.875	0.621	0.91	0.714	0.953	0.803	0.97	0.977	0.978	1.214	0.977	1.593	0.985
Montezuma	1929	12	28	-999	0.349	0.621	0.395	0.732	0.45	0.823	0.499	0.874	0.621	0.908	0.714	0.955	0.803	0.971	0.977	0.979	1.214	0.976	1.593	0.983
Montezuma	1930	1	15	-999	0.349	0.612	0.395	0.721	0.45	0.811	0.499	0.86	0.621	0.895	0.714	0.947	0.803	0.963	0.977	0.971	1.214	0.967	1.593	0.98
Montezuma	1930	2	4	-999	0.349	0.617	0.395	0.724	0.45	0.823	0.499	0.87	0.621	0.905	0.714	0.955	0.803	0.969	0.977	0.976	1.214	0.98	1.593	0.985
Montezuma	1930	2	8	-999	0.349	0.62	0.395	0.724	0.45	0.815	0.499	0.861	0.621	0.901	0.714	0.947	0.803	0.96	0.977	0.968	1.214	0.97	1.593	0.98
Montezuma	1930	2	24	-999	0.349	0.615	0.395	0.716	0.45	0.805	0.499	0.855	0.621	0.892	0.714	0.935	0.803	0.95	0.977	0.961	1.214	0.96	1.593	0.97
Montezuma	1930	3	4	-999	0.349	0.622	0.395	0.724	0.45	0.822	0.499	0.857	0.621	0.9	0.714	0.94	0.803	0.959	0.977	0.963	1.214	0.967	1.593	0.975
Montezuma	1930	3	12	-999	0.349	0.62	0.395	0.727	0.45	0.826	0.499	0.872	0.621	0.91	0.714	0.954	0.803	0.967	0.977	0.979	1.214	0.98	1.593	0.986
Montezuma	1930	3	17	-999	0.349	0.62	0.395	0.734	0.45	0.821	0.499	0.875	0.621	0.91	0.714	0.952	0.803	0.969	0.977	0.975	1.214	0.975	1.593	0.986
Montezuma	1930	3	24	-999	0.349	0.617	0.395	0.754	0.45	0.83	0.499	0.88	0.621	0.912	0.714	0.963	0.803	0.979	0.977	0.984	1.214	0.984	1.593	0.989
Montezuma	1930	3	25	-999	0.349	0.645	0.395	0.736	0.45	0.826	0.499	0.875	0.621	0.943	0.714	0.956	0.803	0.937	0.977	0.98	1.214	0.98	1.593	0.988
Montezuma	1930	4	2	-999	0.349	0.625	0.395	0.726	0.45	0.821	0.499	0.87	0.621	0.908	0.714	0.952	0.803	0.937	0.977	0.974	1.214	0.976	1.593	0.984
Montezuma	1930	4	9	-999	0.349	0.624	0.395	0.742	0.45	0.831	0.499	0.881	0.621	0.917	0.714	0.962	0.803	0.975	0.977	0.985	1.214	0.978	1.593	0.987
Montezuma	1930	4	16	-999	0.349	0.626	0.395	0.736	0.45	0.82	0.499	0.875	0.621	0.912	0.714	0.96	0.803	0.97	0.977	0.984	1.214	0.984	1.593	0.988
Montezuma	1930	4	22	-999	0.349	0.631	0.395	0.73	0.45	0.816	0.499	0.87	0.621	0.91	0.714	0.954	0.803	0.969	0.977	0.977	1.214	0.979	1.593	0.982
Montezuma	1930	4	28	-999	0.349	0.625	0.395	0.745	0.45	0.832	0.499	0.88	0.621	0.919	0.714	0.963	0.803	0.973	0.977	0.982	1.214	0.983	1.593	0.989
Montezuma	1930	5	5	-999	0.349	0.639	0.395	0.737	0.45	0.836	0.499	0.88	0.621	0.915	0.714	0.961	0.803	0.97	0.977	0.981	1.214	0.985	1.593	0.985
Montezuma	1930	5	7	-999	0.349	0.628	0.395	0.728	0.45	0.825	0.499	0.871	0.621	0.915	0.714	0.955	0.803	0.97	0.977	0.979	1.214	0.984	1.593	0.989
Montezuma	1930	5	18	-999	0.349	0.651	0.395	0.736	0.45	0.836	0.499	0.881	0.621	0.917	0.714	0.96	0.803	0.973	0.977	0.976	1.214	0.986	1.593	0.987
Montezuma	1930	5	24	-999	0.349	0.631	0.395	0.756	0.45	0.841	0.499	0.884	0.621	0.924	0.714	0.961	0.803	0.969	0.977	0.977	1.214	0.983	1.593	0.987
Montezuma	1930	6	3	-999	0.349	0.641	0.395	0.729	0.45	0.836	0.499	0.879	0.621	0.914	0.714	0.965	0.803	0.967	0.977	0.981	1.214	0.985	1.593	0.985
Montezuma	1930	6	14	-999	0.349	0.631	0.395	0.75	0.45	0.829	0.499	0.879	0.621	0.918	0.714	0.964	0.803	0.973	0.977	0.983	1.214	0.978	1.593	0.986
Montezuma	1930	6	19	-999	0.349	-999	0.395	0.73	0.45	0.841	0.499	0.88	0.621	0.927	0.714	0.966	0.803	0.978	0.977	0.981	1.214	0.983	1.593	0.985
Montezuma	1930	6	24	-999	0.349	0.628	0.395	0.736	0.45	0.829	0.499	0.879	0.621	0.913	0.714	0.96	0.803	0.975	0.977	0.979	1.214	0.986	1.593	0.985
Montezuma	1930	6	28	-999	0.349	0.696	0.395	0.75	0.45	0.827	0.499	0.884	0.621	0.923	0.714	0.96	0.803	0.972	0.977	0.978	1.214	0.985	1.593	0.981
Montezuma	1930	7	2	-999	0.349	0.625	0.395	0.742	0.45	0.834	0.499	0.882	0.621	0.92	0.714	0.963	0.803	0.976	0.977	0.986	1.214	0.987	1.593	0.989
Montezuma	1930	7	8	-999	0.349	0.666	0.395	0.739	0.45	0.836	0.499	0.883	0.621	0.906	0.714	0.954	0.803	0.975	0.977	0.983	1.214	0.985	1.593	0.988
Montezuma	1930	7	12	-999	0.349	0.657	0.395	0.739	0.45	0.835	0.499	0.875	0.621	0.921	0.714	0.963	0.803	0.976	0.977	0.986	1.214	0.98	1.593	0.982
Montezuma	1930	7	31	-999	0.349	0.64	0.395	0.745	0.45	0.833	0.499	0.884	0.621	0.916	0.714	0.965	0.803	0.972	0.977	0.982	1.214	0.987	1.593	0.987
Montezuma	1930	8	11	-999	0.349	0.65	0.395	0.745	0.45	0.831	0.499	0.893	0.621	0.912	0.714	0.963	0.803	0.974	0.977	0.982	1.214	0.982	1.593	0.989
Montezuma	1930	8	16	-999	0.349	0.631	0.395	0.748	0.45	0.83	0.499	0.877	0.621	0.914	0.714	0.96	0.803	0.974	0.977	0.983	1.214	0.983	1.593	0.99
Montezuma	1930	8	21	-999	0.349	0.634	0.395	0.745	0.45	0.83	0.499	0.895	0.621	0.909	0.714	0.965	0.803	0.977	0.977	0.989	1.214	0.984	1.593	0.989
Montezuma	1930	8	26	-999	0.349	0.635	0.395	0.751	0.45	0.835	0.499	0.882	0.621	0.916	0.714	0.965	0.803	0.978	0.977	0.985	1.214	0.987	1.593	0.986
Montezuma	1930	8	31	-999	0.349	0.635	0.395	0.741	0.45	0.832	0.499	0.881	0.621	0.915	0.714	0.961	0.803	0.97	0.977	0.983	1.214	0.982	1.593	0.988
Montezuma	1930	9	5	-999	0.349	0.636	0.395	0.751	0.45	0.936	0.499	0.882	0.621	0.915	0.714	0.956	0.803	0.973	0.977	0.985	1.214	0.986	1.593	0.986
Montezuma	1930	9	10	-999	0.349	0.612	0.395	0.73	0.45	0.818	0.499	0.866	0.621	0.907	0.714	0.949	0.803	0.96	0.977	0.97	1.214	0.978	1.593	0.984
Montezuma	1930	9	26	-999	0.349	0.634	0.395	0.738	0.45	0.83	0.499	0.879	0.621	0.914	0.714	0.963	0.803	0.978	0.977	0.984	1.214	0.985	1.593	0.987
Montezuma	1930	10	1	-999	0.349	0.631	0.395	0.736	0.45	0.826	0.499	0.88	0.621	0.914	0.714	0.953	0.803	0.968	0.977	0.975	1.214	0.978	1.593	0.983
Montezuma	1930	10	9	-999	0.349	0.634	0.395	0.738	0.45	0.83	0.499	0.88	0.621	0.91	0.714	0.93	0.803	0.969	0.977	0.98	1.214	0.98	1.593	0.986
Montezuma	1930	10	14	-999	0.349	0.625	0.395	0.734	0.45	0.816	0.499	0.86	0.621	0.896	0.714	0.94	0.803	0.956	0.977	0.965	1.214	0.966	1.593	0.973
Montezuma	1930	10	23	-999	0.349	0.648	0.395	0.748	0.45	0.839	0.499	0.886	0.621	0.919	0.714	0.961	0.803	0.977	0.977	0.987	1.214	0.988	1.593	0.985
Montezuma	1930	10	30	-999	0.349	0.626	0.395	0.755	0.45	0.841	0.499	0.888	0.621	0.921	0.714	0.963	0.803	0.979	0.977	0.988	1.214	0.985	1.593	0.992
Montezuma	1930	11	9	-999	0.349	0.64	0.395	0.746	0.45	0.835	0.499	0.885	0.621	0.913	0.714	0.965	0.803	0.974	0.977	0.984	1.214	0.981	1.593	0.985
Montezuma	1930	11	14	-999	0.349	0.609	0.395	0.731	0.45	0.823	0.499	0.875	0.621	0.913	0.714	0.957	0.803	0.969	0.977	0.982	1.214	0.982	1.593	0.985
Montezuma	1930	11	19	-999	0.349	0.642	0.395	0.75	0.45	0.84	0.499	0.886	0.621	0.921	0.714	0.965	0.803	0.977	0.977	0.985	1.214	0.988	1.593	0.987
Montezuma	1930	11	26	-999	0.349	0.63	0.395	0.736	0.45	0.821	0.499	0.869	0.621	0.906	0.714	0.947	0.803	0.96	0.977	0.968	1.214	0.97	1.593	0.977
Montezuma	1930	11	30	-999	0.349	0.637	0.395	0.751	0.45	0.84	0.499	0.886	0.621	0.915	0.714	0.953	0.803	0.972	0.977	0.88	1.214	0.983	1.593	0.991
Montezuma	1930	12	5	-999	0.349	0.642	0.395	0.746	0.45	0.831	0.499	0.883	0.621	0.918	0.714	0.956	0.803	0.971	0.977	0.979	1.214	0.981	1.593	0.985
Montezuma	1930	12	17	-999	0.349	0.633	0.395	0.736	0.45	0.83	0.499	0.882	0.621	0.914	0.714	0.955	0.803	0.964	0.977	0.978	1.214	0.98	1.593	0.985
