Location	year	month	day	a.m/p.m	lambda1 [?m]	transmission1 [%/100]	lambda2 [?m]	transmission2 [%/100]	lambda3 [?m]	transmission3 [%/100]	lambda4 [?m]	transmission4 [%/100]	lambda5 [?m]	transmission5 [%/100]	lambda6 [?m]	transmission6 [%/100]	lambda7 [?m]	transmission7 [%/100]	lambda8 [?m]	transmission8 [%/100]	lambda9 [?m]	transmission9 [%/100]	lambda10 [?m]	transmission10 [%/100]
Harqua Hala	1920	10	4	-999	0.35	0.614	0.398	0.647	0.452	0.83	0.502	0.865	0.626	0.925	0.724	0.951	0.817	0.962	0.994	0.97	1.225	0.975	1.6	0.995
Harqua Hala	1920	10	10	-999	0.35	0.644	0.398	0.752	0.452	0.824	0.502	0.871	0.626	0.92	0.724	0.955	0.817	0.964	0.994	0.977	1.225	0.975	1.6	0.977
Harqua Hala	1920	10	14	-999	0.35	0.664	0.398	0.711	0.452	0.828	0.502	0.871	0.626	0.918	0.724	0.97	0.817	0.975	0.994	0.991	1.225	0.973	1.6	0.991
Harqua Hala	1920	10	15	-999	0.35	0.646	0.398	0.733	0.452	0.828	0.502	0.865	0.626	0.925	0.724	0.959	0.817	0.973	0.994	0.977	1.225	0.977	1.6	0.999
Harqua Hala	1920	10	16	-999	0.35	0.622	0.398	0.745	0.452	0.815	0.502	0.879	0.626	0.914	0.724	0.964	0.817	0.97	0.994	0.982	1.225	0.98	1.6	0.991
Harqua Hala	1920	10	22	-999	0.35	0.631	0.398	0.743	0.452	0.843	0.502	0.877	0.626	0.92	0.724	0.959	0.817	0.966	0.994	0.975	1.225	0.97	1.6	0.984
Harqua Hala	1920	10	26	-999	0.35	0.65	0.398	0.716	0.452	0.824	0.502	0.889	0.626	0.92	0.724	0.968	0.817	0.975	0.994	0.986	1.225	0.982	1.6	0.98
Harqua Hala	1920	11	2	-999	0.35	0.611	0.398	0.724	0.452	0.824	0.502	0.865	0.626	0.916	0.724	0.959	0.817	0.982	0.994	0.984	1.225	0.977	1.6	0.982
Harqua Hala	1920	11	3	-999	0.35	0.65	0.398	0.726	0.452	0.832	0.502	0.879	0.626	0.925	0.724	0.964	0.817	0.977	0.994	0.989	1.225	0.989	1.6	0.983
Harqua Hala	1920	11	8	-999	0.35	0.67	0.398	0.771	0.452	0.834	0.502	0.873	0.626	0.925	0.724	0.966	0.817	0.977	0.994	0.984	1.225	0.982	1.6	0.998
Harqua Hala	1920	11	10	-999	0.35	0.635	0.398	0.728	0.452	0.832	0.502	0.881	0.626	0.925	0.724	0.966	0.817	0.977	0.994	0.989	1.225	0.98	1.6	0.986
Harqua Hala	1920	11	18	-999	0.35	0.662	0.398	0.741	0.452	0.84	0.502	0.875	0.626	0.929	0.724	0.962	0.817	0.97	0.994	0.977	1.225	0.977	1.6	0.982
Harqua Hala	1920	11	21	-999	0.35	0.667	0.398	0.8	0.452	0.847	0.502	0.867	0.626	0.925	0.724	0.962	0.817	0.97	0.994	0.984	1.225	0.975	1.6	0.989
Harqua Hala	1920	12	28	-999	0.35	0.655	0.398	0.734	0.452	0.836	0.502	0.883	0.626	0.927	0.724	0.964	0.817	0.973	0.994	0.991	1.225	0.991	1.6	0.995
Harqua Hala	1920	12	30	-999	0.35	0.646	0.398	0.716	0.452	0.841	0.502	0.881	0.626	0.927	0.724	0.959	0.817	0.975	0.994	0.984	1.225	0.982	1.6	0.999
Harqua Hala	1920	12	31	-999	0.35	0.637	0.398	0.741	0.452	0.824	0.502	0.885	0.626	0.927	0.724	0.962	0.817	0.977	0.994	0.984	1.225	0.977	1.6	0.986
Harqua Hala	1921	1	1	-999	0.35	0.634	0.398	0.724	0.452	0.832	0.502	0.867	0.626	0.914	0.724	0.964	0.817	0.975	0.994	0.986	1.225	0.986	1.6	0.991
Harqua Hala	1921	1	7	-999	0.35	0.658	0.398	0.719	0.452	0.895	0.502	0.857	0.626	0.92	0.724	0.953	0.817	0.973	0.994	0.98	1.225	0.977	1.6	0.991
Harqua Hala	1921	1	8	-999	0.35	0.665	0.398	0.724	0.452	0.834	0.502	0.879	0.626	0.925	0.724	0.966	0.817	0.977	0.994	0.982	1.225	0.989	1.6	0.993
Harqua Hala	1921	1	10	-999	0.35	0.635	0.398	0.731	0.452	0.828	0.502	0.877	0.626	0.927	0.724	0.964	0.817	0.98	0.994	0.991	1.225	0.989	1.6	0.986
Harqua Hala	1921	1	14	-999	0.35	0.664	0.398	0.73	0.452	0.83	0.502	0.879	0.626	0.925	0.724	0.962	0.817	0.975	0.994	0.98	1.225	0.98	1.6	0.989
Harqua Hala	1921	1	19	-999	0.35	0.635	0.398	0.753	0.452	0.828	0.502	0.873	0.626	0.918	0.724	0.962	0.817	0.977	0.994	0.984	1.225	0.984	1.6	0.986
Harqua Hala	1921	1	24	-999	0.35	0.625	0.398	0.736	0.452	0.83	0.502	0.871	0.626	0.918	0.724	0.955	0.817	0.968	0.994	0.977	1.225	0.975	1.6	0.984
Harqua Hala	1921	1	29	-999	0.35	0.625	0.398	0.732	0.452	0.823	0.502	0.873	0.626	0.913	0.724	0.955	0.817	0.97	0.994	0.98	1.225	0.982	1.6	0.98
Harqua Hala	1921	2	1	-999	0.35	0.628	0.398	0.745	0.452	0.827	0.502	0.876	0.626	0.922	0.724	0.958	0.817	0.97	0.994	0.978	1.225	0.973	1.6	0.984
Harqua Hala	1921	2	2	-999	0.35	0.639	0.398	0.747	0.452	0.833	0.502	0.883	0.626	0.924	0.724	0.962	0.817	0.979	0.994	0.99	1.225	0.987	1.6	0.983
Harqua Hala	1921	2	8	-999	0.35	0.635	0.398	0.714	0.452	0.824	0.502	0.863	0.626	0.906	0.724	0.948	0.817	0.963	0.994	0.977	1.225	0.975	1.6	0.985
Harqua Hala	1921	2	11	-999	0.35	0.65	0.398	0.736	0.452	0.832	0.502	0.876	0.626	0.916	0.724	0.96	0.817	0.974	0.994	0.885	1.225	0.983	1.6	0.985
Harqua Hala	1921	2	12	-999	0.35	0.63	0.398	0.723	0.452	0.82	0.502	0.871	0.626	0.922	0.724	0.958	0.817	0.977	0.994	0.987	1.225	0.981	1.6	0.989
Harqua Hala	1921	2	13	-999	0.35	0.642	0.398	0.726	0.452	0.834	0.502	0.877	0.626	0.928	0.724	0.965	0.817	0.977	0.994	0.985	1.225	0.984	1.6	0.99
Harqua Hala	1921	2	15	-999	0.35	0.62	0.398	0.718	0.452	0.825	0.502	0.861	0.626	0.922	0.724	0.957	0.817	0.972	0.994	0.983	1.225	0.988	1.6	0.979
Harqua Hala	1921	2	16	-999	0.35	0.642	0.398	0.719	0.452	0.822	0.502	0.864	0.626	0.908	0.724	0.955	0.817	0.968	0.994	0.981	1.225	0.971	1.6	0.984
Harqua Hala	1921	2	17	-999	0.35	0.655	0.398	0.726	0.452	0.829	0.502	0.876	0.626	0.919	0.724	0.962	0.817	0.974	0.994	0.985	1.225	0.988	1.6	0.984
Harqua Hala	1921	2	18	-999	0.35	0.644	0.398	0.723	0.452	0.828	0.502	0.867	0.626	0.912	0.724	0.956	0.817	0.972	0.994	0.984	1.225	0.978	1.6	0.987
Harqua Hala	1921	2	19	-999	0.35	0.62	0.398	0.706	0.452	0.806	0.502	0.854	0.626	0.997	0.724	0.938	0.817	0.954	0.994	0.969	1.225	0.962	1.6	0.98
Harqua Hala	1921	2	22	-999	0.35	0.633	0.398	0.738	0.452	0.525	0.502	0.867	0.626	0.914	0.724	0.958	0.817	0.977	0.994	0.986	1.225	0.981	1.6	0.983
Harqua Hala	1921	2	23	-999	0.35	0.631	0.398	0.73	0.452	0.823	0.502	0.868	0.626	0.924	0.724	0.958	0.817	0.977	0.994	0.985	1.225	0.981	1.6	0.983
Harqua Hala	1921	2	24	-999	0.35	0.645	0.398	0.738	0.452	0.829	0.502	0.876	0.626	0.917	0.724	0.959	0.817	0.974	0.994	0.987	1.225	0.985	1.6	0.99
Harqua Hala	1921	2	25	-999	0.35	0.642	0.398	0.721	0.452	0.812	0.502	0.862	0.626	0.912	0.724	0.955	0.817	0.972	0.994	0.978	1.225	0.972	1.6	0.979
Harqua Hala	1921	3	2	-999	0.35	0.633	0.398	0.731	0.452	0.823	0.502	0.869	0.626	0.909	0.724	0.956	0.817	0.967	0.994	0.98	1.225	0.98	1.6	0.986
Harqua Hala	1921	3	16	-999	0.35	0.635	0.398	0.741	0.452	0.827	0.502	0.867	0.626	0.909	0.724	0.958	0.817	0.97	0.994	0.982	1.225	0.978	1.6	0.99
Harqua Hala	1921	3	17	-999	0.35	0.618	0.398	0.707	0.452	0.804	0.502	0.85	0.626	0.901	0.724	0.949	0.817	0.963	0.994	0.977	1.225	0.973	1.6	0.976
Harqua Hala	1921	3	27	-999	0.35	0.609	0.398	0.696	0.452	0.775	0.502	0.827	0.626	0.867	0.724	0.909	0.817	0.928	0.994	0.941	1.225	0.942	1.6	0.958
Harqua Hala	1921	3	28	-999	0.35	0.595	0.398	0.68	0.452	0.758	0.502	0.81	0.626	0.743	0.724	0.889	0.817	0.911	0.994	0.924	1.225	0.926	1.6	0.949
Harqua Hala	1921	3	29	-999	0.35	0.612	0.398	0.716	0.452	0.789	0.502	0.836	0.626	0.869	0.724	0.915	0.817	0.93	0.994	0.943	1.225	0.946	1.6	0.958
Harqua Hala	1921	3	31	-999	0.35	0.581	0.398	0.675	0.452	0.756	0.502	0.792	0.626	0.834	0.724	0.88	0.817	0.895	0.994	0.908	1.225	0.912	1.6	0.928
Harqua Hala	1921	4	6	-999	0.35	0.617	0.398	0.714	0.452	0.802	0.502	0.837	0.626	0.871	0.724	0.923	0.817	0.942	0.994	0.952	1.225	0.947	1.6	0.972
Harqua Hala	1921	4	10	-999	0.35	0.608	0.398	0.677	0.452	0.777	0.502	0.818	0.626	0.864	0.724	0.916	0.817	0.928	0.994	0.97	1.225	0.952	1.6	0.964
Harqua Hala	1921	4	11	-999	0.35	0.62	0.398	0.716	0.452	0.811	0.502	0.849	0.626	0.896	0.724	0.941	0.817	0.952	0.994	0.961	1.225	0.961	1.6	0.971
Harqua Hala	1921	4	15	-999	0.35	0.64	0.398	0.698	0.452	0.8	0.502	0.838	0.626	0.888	0.724	0.934	0.817	0.947	0.994	0.96	1.225	0.968	1.6	0.963
Harqua Hala	1921	4	17	-999	0.35	0.607	0.398	0.706	0.452	0.794	0.502	0.836	0.626	0.878	0.724	0.927	0.817	0.938	0.994	0.954	1.225	0.957	1.6	0.972
Harqua Hala	1921	4	18	-999	0.35	0.626	0.398	0.707	0.452	0.783	0.502	0.829	0.626	0.88	0.724	0.922	0.817	0.937	0.994	0.948	1.225	0.948	1.6	0.962
Harqua Hala	1921	4	20	-999	0.35	0.622	0.398	0.698	0.452	0.794	0.502	0.828	0.626	0.877	0.724	0.918	0.817	0.933	0.994	0.943	1.225	0.943	1.6	0.961
Harqua Hala	1921	5	13	-999	0.35	0.611	0.398	0.728	0.452	0.8	0.502	0.838	0.626	0.89	0.724	0.936	0.817	0.947	0.994	0.951	1.225	0.953	1.6	0.975
Harqua Hala	1921	5	18	-999	0.35	0.608	0.398	0.703	0.452	0.782	0.502	0.808	0.626	0.881	0.724	0.952	0.817	0.962	0.994	0.971	1.225	0.97	1.6	0.972
Harqua Hala	1921	5	19	-999	0.35	0.643	0.398	0.747	0.452	0.83	0.502	0.852	0.626	0.914	0.724	0.961	0.817	0.966	0.994	0.985	1.225	0.982	1.6	0.986
Harqua Hala	1921	5	25	-999	0.35	0.642	0.398	0.725	0.452	0.819	0.502	0.859	0.626	0.908	0.724	0.958	0.817	0.967	0.994	0.972	1.225	0.974	1.6	0.977
Harqua Hala	1921	6	7	-999	0.35	0.618	0.398	0.711	0.452	0.806	0.502	0.847	0.626	0.989	0.724	0.942	0.817	0.952	0.994	0.962	1.225	0.955	1.6	0.966
Harqua Hala	1921	6	15	-999	0.35	0.632	0.398	0.717	0.452	0.815	0.502	0.861	0.626	0.903	0.724	0.948	0.817	0.962	0.994	0.969	1.225	0.966	1.6	0.981
Harqua Hala	1921	6	17	-999	0.35	0.634	0.398	0.722	0.452	0.818	0.502	0.86	0.626	0.897	0.724	0.956	0.817	0.967	0.994	0.976	1.225	0.97	1.6	0.983
Harqua Hala	1921	6	21	-999	0.35	0.631	0.398	0.724	0.452	0.817	0.502	0.858	0.626	0.907	0.724	0.953	0.817	0.963	0.994	0.969	1.225	0.964	1.6	0.978
Harqua Hala	1921	6	25	-999	0.35	0.652	0.398	0.742	0.452	0.833	0.502	0.877	0.626	0.922	0.724	0.957	0.817	0.972	0.994	0.978	1.225	0.979	1.6	0.982
Harqua Hala	1921	6	27	-999	0.35	0.627	0.398	0.721	0.452	0.817	0.502	0.857	0.626	0.913	0.724	0.958	0.817	0.967	0.994	0.981	1.225	0.972	1.6	0.986
Harqua Hala	1921	7	1	-999	0.35	0.626	0.398	0.72	0.452	0.806	0.502	0.85	0.626	0.902	0.724	0.946	0.817	0.958	0.994	0.967	1.225	0.957	1.6	0.97
Harqua Hala	1921	8	30	-999	0.35	0.624	0.398	0.697	0.452	0.788	0.502	0.837	0.626	0.983	0.724	0.937	0.817	0.951	0.994	0.972	1.225	0.958	1.6	0.979
Harqua Hala	1921	8	31	-999	0.35	0.633	0.398	0.724	0.452	0.824	0.502	0.855	0.626	0.902	0.724	0.944	0.817	0.958	0.994	0.966	1.225	0.955	1.6	0.976
Harqua Hala	1921	9	1	-999	0.35	0.636	0.398	0.727	0.452	0.816	0.502	0.857	0.626	0.904	0.724	0.942	0.817	0.957	0.994	0.968	1.225	0.958	1.6	0.972
Harqua Hala	1921	9	3	-999	0.35	0.643	0.398	0.733	0.452	0.822	0.502	0.864	0.626	0.911	0.724	0.954	0.817	0.965	0.994	0.973	1.225	0.963	1.6	0.975
Harqua Hala	1921	9	5	-999	0.35	0.646	0.398	0.729	0.452	0.823	0.502	0.86	0.626	0.911	0.724	0.947	0.817	0.963	0.994	0.971	1.225	0.958	1.6	0.976
Harqua Hala	1921	9	6	-999	0.35	0.641	0.398	0.732	0.452	0.82	0.502	0.863	0.626	0.913	0.724	0.952	0.817	0.963	0.994	0.975	1.225	0.964	1.6	0.975
Harqua Hala	1921	9	7	-999	0.35	0.639	0.398	0.732	0.452	0.818	0.502	0.868	0.626	0.919	0.724	0.954	0.817	0.961	0.994	0.981	1.225	0.969	1.6	0.978
Harqua Hala	1921	9	10	-999	0.35	0.621	0.398	0.737	0.452	0.812	0.502	0.862	0.626	0.914	0.724	0.957	0.817	0.969	0.994	0.981	1.225	0.969	1.6	0.981
Harqua Hala	1921	9	14	-999	0.35	0.648	0.398	0.749	0.452	0.838	0.502	0.877	0.626	0.923	0.724	0.959	0.817	0.97	0.994	0.986	1.225	0.976	1.6	0.983
Harqua Hala	1921	9	17	-999	0.35	0.636	0.398	0.742	0.452	0.819	0.502	0.865	0.626	0.916	0.724	0.956	0.817	0.969	0.994	0.98	1.225	0.977	1.6	0.986
Harqua Hala	1921	9	19	-999	0.35	0.619	0.398	0.728	0.452	0.816	0.502	0.861	0.626	0.907	0.724	0.948	0.817	0.961	0.994	0.973	1.225	0.967	1.6	0.979
Harqua Hala	1921	9	20	-999	0.35	0.639	0.398	0.737	0.452	0.828	0.502	0.867	0.626	0.913	0.724	0.958	0.817	0.972	0.994	0.981	1.225	0.971	1.6	0.986
Harqua Hala	1921	9	24	-999	0.35	0.63	0.398	0.733	0.452	0.823	0.502	0.863	0.626	0.913	0.724	0.952	0.817	0.967	0.994	0.98	1.225	0.972	1.6	0.979
Harqua Hala	1921	9	26	-999	0.35	0.633	0.398	0.728	0.452	0.819	0.502	0.868	0.626	0.917	0.724	0.956	0.817	0.965	0.994	0.977	1.225	0.967	1.6	0.981
Harqua Hala	1921	9	27	-999	0.35	0.623	0.398	0.725	0.452	0.822	0.502	0.864	0.626	0.913	0.724	0.954	0.817	0.965	0.994	0.98	1.225	0.967	1.6	0.98
Harqua Hala	1921	10	3	-999	0.35	0.623	0.398	0.732	0.452	0.816	0.502	0.871	0.626	0.916	0.724	0.96	0.817	0.971	0.994	0.977	1.225	0.963	1.6	0.975
Harqua Hala	1921	10	4	-999	0.35	0.62	0.398	0.744	0.452	0.837	0.502	0.872	0.626	0.921	0.724	0.962	0.817	0.969	0.994	0.976	1.225	0.964	1.6	0.985
Harqua Hala	1921	10	7	-999	0.35	0.629	0.398	0.737	0.452	0.83	0.502	0.871	0.626	0.92	0.724	0.957	0.817	0.967	0.994	0.977	1.225	0.969	1.6	0.975
Harqua Hala	1921	10	9	-999	0.35	0.622	0.398	0.708	0.452	0.794	0.502	0.843	0.626	0.896	0.724	0.94	0.817	0.943	0.994	0.957	1.225	0.954	1.6	0.965
Harqua Hala	1921	10	10	-999	0.35	0.64	0.398	0.738	0.452	0.839	0.502	0.873	0.626	0.923	0.724	0.961	0.817	0.968	0.994	0.98	1.225	0.968	1.6	0.98
Harqua Hala	1921	10	15	-999	0.35	0.624	0.398	0.728	0.452	0.816	0.502	0.856	0.626	0.912	0.724	0.955	0.817	0.967	0.994	0.973	1.225	0.967	1.6	0.982
Harqua Hala	1921	10	19	-999	0.35	0.645	0.398	0.745	0.452	0.823	0.502	0.864	0.626	0.918	0.724	0.96	0.817	0.968	0.994	0.977	1.225	0.972	1.6	0.98
Harqua Hala	1921	10	21	-999	0.35	0.635	0.398	0.72	0.452	0.807	0.502	0.848	0.626	0.903	0.724	0.938	0.817	0.948	0.994	0.961	1.225	0.956	1.6	0.967
Harqua Hala	1921	10	26	-999	0.35	0.637	0.398	0.747	0.452	0.829	0.502	0.87	0.626	0.917	0.724	0.962	0.817	0.962	0.994	0.971	1.225	0.96	1.6	0.974
Harqua Hala	1921	10	27	-999	0.35	0.637	0.398	0.746	0.452	0.823	0.502	0.87	0.626	0.92	0.724	0.962	0.817	0.972	0.994	0.979	1.225	0.978	1.6	0.977
Harqua Hala	1921	10	29	-999	0.35	0.667	0.398	0.743	0.452	0.832	0.502	0.878	0.626	0.928	0.724	0.964	0.817	0.968	0.994	0.979	1.225	0.974	1.6	0.981
Harqua Hala	1921	11	2	-999	0.35	0.645	0.398	0.744	0.452	0.823	0.502	0.873	0.626	0.923	0.724	0.957	0.817	0.972	0.994	0.976	1.225	0.975	1.6	0.982
Harqua Hala	1921	11	1	-999	0.35	0.632	0.398	0.748	0.452	0.831	0.502	0.872	0.626	0.917	0.724	0.958	0.817	0.976	0.994	0.982	1.225	0.97	1.6	0.982
Harqua Hala	1921	11	14	-999	0.35	0.646	0.398	0.745	0.452	0.843	0.502	0.873	0.626	0.925	0.724	0.963	0.817	0.973	0.994	0.984	1.225	0.976	1.6	0.98
Harqua Hala	1921	11	15	-999	0.35	0.643	0.398	0.752	0.452	0.822	0.502	0.868	0.626	0.915	0.724	0.961	0.817	0.97	0.994	0.981	1.225	0.972	1.6	0.981
Harqua Hala	1921	11	21	-999	0.35	0.669	0.398	0.753	0.452	0.835	0.502	0.876	0.626	0.929	0.724	0.966	0.817	0.981	0.994	0.989	1.225	0.977	1.6	0.986
Harqua Hala	1921	12	7	-999	0.35	0.641	0.398	0.735	0.452	0.826	0.502	0.868	0.626	0.917	0.724	0.957	0.817	0.968	0.994	0.979	1.225	0.971	1.6	0.98
Harqua Hala	1921	12	8	-999	0.35	0.659	0.398	0.733	0.452	0.83	0.502	0.872	0.626	0.915	0.724	0.966	0.817	0.971	0.994	0.978	1.225	0.982	1.6	0.986
Harqua Hala	1921	12	9	-999	0.35	0.645	0.398	0.745	0.452	0.832	0.502	0.875	0.626	0.917	0.724	0.963	0.817	0.977	0.994	0.98	1.225	0.982	1.6	0.982
Harqua Hala	1921	12	15	-999	0.35	0.658	0.398	0.745	0.452	0.835	0.502	0.878	0.626	0.922	0.724	0.966	0.817	0.98	0.994	0.986	1.225	0.98	1.6	0.986
Harqua Hala	1922	1	13	-999	0.35	0.644	0.398	0.74	0.452	0.827	0.502	0.868	0.626	0.918	0.724	0.96	0.817	0.972	0.994	0.981	1.225	0.972	1.6	0.982
Harqua Hala	1922	1	14	-999	0.35	0.661	0.398	0.748	0.452	0.824	0.502	0.869	0.626	0.918	0.724	0.962	0.817	0.976	0.994	0.985	1.225	0.982	1.6	0.987
Harqua Hala	1922	1	15	-999	0.35	0.654	0.398	0.747	0.452	0.838	0.502	0.875	0.626	0.917	0.724	0.962	0.817	0.977	0.994	0.987	1.225	0.982	1.6	0.985
Harqua Hala	1922	1	16	-999	0.35	0.648	0.398	0.742	0.452	0.833	0.502	0.871	0.626	0.926	0.724	0.964	0.817	0.978	0.994	0.983	1.225	0.976	1.6	0.983
Harqua Hala	1922	1	20	-999	0.35	0.664	0.398	0.732	0.452	0.828	0.502	0.862	0.626	0.915	0.724	0.959	0.817	0.958	0.994	0.973	1.225	0.978	1.6	0.975
Harqua Hala	1922	1	21	-999	0.35	0.658	0.398	0.739	0.452	0.828	0.502	0.867	0.626	0.915	0.724	0.957	0.817	0.97	0.994	0.981	1.225	0.981	1.6	0.978
Harqua Hala	1922	1	26	-999	0.35	0.635	0.398	0.732	0.452	0.81	0.502	0.848	0.626	0.906	0.724	0.943	0.817	0.962	0.994	0.969	1.225	0.969	1.6	0.98
Harqua Hala	1922	2	2	-999	0.35	0.655	0.398	0.745	0.452	0.828	0.502	0.868	0.626	0.918	0.724	0.957	0.817	0.97	0.994	0.98	1.225	0.982	1.6	0.983
Harqua Hala	1922	2	6	-999	0.35	0.65	0.398	0.74	0.452	0.83	0.502	0.868	0.626	0.922	0.724	0.962	0.817	0.972	0.994	0.977	1.225	0.972	1.6	0.978
Harqua Hala	1922	2	13	-999	0.35	0.648	0.398	0.747	0.452	0.837	0.502	0.875	0.626	0.915	0.724	0.96	0.817	0.979	0.994	0.981	1.225	0.977	1.6	0.984
Harqua Hala	1922	3	1	-999	0.35	0.63	0.398	0.719	0.452	0.822	0.502	0.849	0.626	0.989	0.724	0.955	0.817	0.964	0.994	0.968	1.225	0.958	1.6	0.972
Harqua Hala	1922	3	2	-999	0.35	0.665	0.398	0.73	0.452	0.82	0.502	0.861	0.626	0.909	0.724	0.95	0.817	0.967	0.994	0.977	1.225	0.975	1.6	0.981
Harqua Hala	1922	3	10	-999	0.35	0.646	0.398	0.727	0.452	0.816	0.502	0.85	0.626	0.9	0.724	0.938	0.817	0.951	0.994	0.961	1.225	0.957	1.6	0.971
Harqua Hala	1922	3	18	-999	0.35	0.645	0.398	0.733	0.452	0.834	0.502	0.862	0.626	0.902	0.724	0.948	0.817	0.965	0.994	0.979	1.225	0.979	1.6	0.986
Harqua Hala	1922	4	3	-999	0.35	0.628	0.398	0.715	0.452	0.812	0.502	0.851	0.626	0.9	0.724	0.948	0.817	0.961	0.994	0.973	1.225	0.962	1.6	0.977
Harqua Hala	1922	4	8	-999	0.35	0.607	0.398	0.7	0.452	0.791	0.502	0.837	0.626	0.887	0.724	0.94	0.817	0.941	0.994	0.961	1.225	0.961	1.6	0.963
Harqua Hala	1922	4	15	-999	0.35	0.616	0.398	0.712	0.452	0.806	0.502	0.844	0.626	0.878	0.724	0.942	0.817	0.948	0.994	0.968	1.225	0.967	1.6	0.972
Harqua Hala	1922	4	24	-999	0.35	0.608	0.398	0.692	0.452	0.782	0.502	0.831	0.626	0.878	0.724	0.928	0.817	0.945	0.994	0.96	1.225	0.958	1.6	0.97
Harqua Hala	1922	4	27	-999	0.35	0.58	0.398	0.637	0.452	0.734	0.502	0.777	0.626	0.844	0.724	0.897	0.817	0.907	0.994	0.975	1.225	0.927	1.6	0.947
Harqua Hala	1922	5	2	-999	0.35	0.617	0.398	0.695	0.452	0.792	0.502	0.824	0.626	0.88	0.724	0.927	0.817	0.941	0.994	0.954	1.225	0.953	1.6	0.966
Harqua Hala	1922	5	5	-999	0.35	0.608	0.398	0.706	0.452	0.785	0.502	0.827	0.626	0.873	0.724	0.923	0.817	0.935	0.994	0.946	1.225	0.944	1.6	0.962
Harqua Hala	1922	5	11	-999	0.35	0.623	0.398	0.712	0.452	0.792	0.502	0.83	0.626	0.883	0.724	0.928	0.817	0.942	0.994	0.958	1.225	0.942	1.6	0.963
Harqua Hala	1922	5	22	-999	0.35	0.649	0.398	0.73	0.452	0.82	0.502	0.862	0.626	0.909	0.724	0.95	0.817	0.959	0.994	0.972	1.225	0.968	1.6	0.974
Harqua Hala	1922	5	31	-999	0.35	0.63	0.398	0.702	0.452	0.79	0.502	0.833	0.626	0.888	0.724	0.932	0.817	0.948	0.994	0.963	1.225	0.962	1.6	0.971
Harqua Hala	1922	6	3	-999	0.35	0.645	0.398	0.73	0.452	0.836	0.502	0.866	0.626	0.911	0.724	0.952	0.817	0.96	0.994	0.98	1.225	0.972	1.6	0.972
Harqua Hala	1922	6	6	-999	0.35	0.663	0.398	0.756	0.452	0.846	0.502	0.878	0.626	0.925	0.724	0.964	0.817	0.976	0.994	0.987	1.225	0.974	1.6	0.984
Harqua Hala	1922	6	10	-999	0.35	0.662	0.398	0.749	0.452	0.837	0.502	0.881	0.626	0.922	0.724	0.965	0.817	0.977	0.994	0.986	1.225	0.984	1.6	0.982
Harqua Hala	1922	6	15	-999	0.35	0.637	0.398	0.727	0.452	0.813	0.502	0.859	0.626	0.899	0.724	0.951	0.817	0.963	0.994	0.975	1.225	0.967	1.6	0.973
Harqua Hala	1922	6	17	-999	0.35	0.637	0.398	0.731	0.452	0.825	0.502	0.866	0.626	0.917	0.724	0.956	0.817	0.968	0.994	0.977	1.225	0.97	1.6	0.979
Harqua Hala	1922	7	8	-999	0.35	0.591	0.398	0.634	0.452	0.751	0.502	0.793	0.626	0.853	0.724	0.911	0.817	0.929	0.994	0.944	1.225	0.936	1.6	0.951
Harqua Hala	1922	7	14	-999	0.35	0.602	0.398	0.692	0.452	0.782	0.502	0.826	0.626	0.876	0.724	0.923	0.817	0.938	0.994	0.952	1.225	0.948	1.6	0.952
Harqua Hala	1922	8	3	-999	0.35	0.606	0.398	0.678	0.452	0.773	0.502	0.828	0.626	0.886	0.724	0.927	0.817	0.942	0.994	0.957	1.225	0.953	1.6	0.958
Harqua Hala	1922	9	14	-999	0.35	0.6	0.398	0.689	0.452	0.792	0.502	0.838	0.626	0.902	0.724	0.939	0.817	0.955	0.994	0.972	1.225	0.96	1.6	0.973
Harqua Hala	1922	9	19	-999	0.35	0.557	0.398	0.621	0.452	0.725	0.502	0.782	0.626	0.85	0.724	0.915	0.817	0.933	0.994	0.952	1.225	0.946	1.6	0.96
Harqua Hala	1922	9	25	-999	0.35	0.621	0.398	0.675	0.452	0.746	0.502	0.81	0.626	0.871	0.724	0.926	0.817	0.943	0.994	0.965	1.225	0.962	1.6	0.963
Harqua Hala	1922	9	29	-999	0.35	0.673	0.398	0.75	0.452	0.845	0.502	0.883	0.626	0.923	0.724	0.966	0.817	0.973	0.994	0.984	1.225	0.971	1.6	0.984
Harqua Hala	1922	10	5	-999	0.35	0.644	0.398	0.734	0.452	0.833	0.502	0.87	0.626	0.922	0.724	0.961	0.817	0.977	0.994	0.982	1.225	0.985	1.6	0.977
Harqua Hala	1922	10	10	-999	0.35	0.659	0.398	0.747	0.452	0.832	0.502	0.879	0.626	0.922	0.724	0.964	0.817	0.972	0.994	0.982	1.225	0.977	1.6	0.987
Harqua Hala	1922	10	14	-999	0.35	0.655	0.398	0.722	0.452	0.798	0.502	0.842	0.626	0.891	0.724	0.943	0.817	0.954	0.994	0.976	1.225	0.976	1.6	0.978
Harqua Hala	1922	10	29	-999	0.35	0.634	0.398	0.733	0.452	0.825	0.502	0.867	0.626	0.91	0.724	0.95	0.817	0.962	0.994	0.976	1.225	0.971	1.6	0.976
Harqua Hala	1922	11	2	-999	0.35	0.67	0.398	0.757	0.452	0.818	0.502	0.866	0.626	0.918	0.724	0.966	0.817	0.974	0.994	0.98	1.225	0.978	1.6	0.985
Harqua Hala	1922	11	4	-999	0.35	0.656	0.398	0.708	0.452	0.838	0.502	0.855	0.626	0.895	0.724	0.964	0.817	0.976	0.994	0.984	1.225	0.972	1.6	0.981
Harqua Hala	1922	11	19	-999	0.35	0.695	0.398	0.765	0.452	0.846	0.502	0.979	0.626	0.935	0.724	0.97	0.817	0.972	0.994	0.982	1.225	0.975	1.6	0.987
Harqua Hala	1922	11	23	-999	0.35	0.625	0.398	0.7	0.452	0.805	0.502	0.838	0.626	0.883	0.724	0.95	0.817	0.958	0.994	0.966	1.225	0.96	1.6	0.976
Harqua Hala	1922	12	2	-999	0.35	0.662	0.398	0.754	0.452	0.84	0.502	0.87	0.626	0.916	0.724	0.967	0.817	0.974	0.994	0.982	1.225	0.975	1.6	0.977
Harqua Hala	1922	12	16	-999	0.35	0.675	0.398	0.745	0.452	0.84	0.502	0.872	0.626	0.909	0.724	0.963	0.817	0.974	0.994	0.984	1.225	0.984	1.6	0.987
Harqua Hala	1922	12	18	-999	0.35	0.664	0.398	0.748	0.452	0.841	0.502	0.875	0.626	0.925	0.724	0.968	0.817	0.981	0.994	0.991	1.225	0.99	1.6	0.991
Harqua Hala	1922	12	23	-999	0.35	0.645	0.398	0.739	0.452	0.835	0.502	0.87	0.626	0.93	0.724	0.967	0.817	0.977	0.994	0.985	1.225	0.978	1.6	0.983
Harqua Hala	1923	1	1	-999	0.35	0.663	0.398	0.752	0.452	0.853	0.502	0.872	0.626	0.915	0.724	0.953	0.817	0.97	0.994	0.97	1.225	0.962	1.6	0.98
Harqua Hala	1923	1	9	-999	0.35	0.667	0.398	0.747	0.452	0.838	0.502	0.877	0.626	0.915	0.724	0.967	0.817	0.978	0.994	0.988	1.225	0.983	1.6	0.99
Harqua Hala	1923	1	12	-999	0.35	0.676	0.398	0.75	0.452	0.845	0.502	0.882	0.626	0.929	0.724	0.968	0.817	0.979	0.994	0.987	1.225	0.979	1.6	0.99
Harqua Hala	1923	1	16	-999	0.35	0.656	0.398	0.735	0.452	0.829	0.502	0.875	0.626	0.907	0.724	0.96	0.817	0.972	0.994	0.986	1.225	0.978	1.6	0.981
Harqua Hala	1923	1	20	-999	0.35	0.672	0.398	0.732	0.452	0.827	0.502	0.862	0.626	0.906	0.724	0.955	0.817	0.967	0.994	0.976	1.225	0.972	1.6	0.983
Harqua Hala	1923	2	5	-999	0.35	0.622	0.398	0.749	0.452	0.83	0.502	0.878	0.626	0.928	0.724	0.966	0.817	0.968	0.994	0.986	1.225	0.985	1.6	0.983
Harqua Hala	1923	2	16	-999	0.35	0.648	0.398	0.718	0.452	0.815	0.502	0.842	0.626	0.894	0.724	0.937	0.817	0.944	0.994	0.958	1.225	0.962	1.6	0.972
Harqua Hala	1923	2	23	-999	0.35	0.604	0.398	0.651	0.452	0.761	0.502	0.82	0.626	0.876	0.724	0.93	0.817	0.949	0.994	0.965	1.225	0.966	1.6	0.975
Harqua Hala	1923	3	15	-999	0.35	0.655	0.398	0.724	0.452	0.807	0.502	0.853	0.626	0.911	0.724	0.951	0.817	0.965	0.994	0.974	1.225	0.967	1.6	0.982
Harqua Hala	1923	3	22	-999	0.35	0.66	0.398	0.732	0.452	0.821	0.502	0.86	0.626	0.905	0.724	0.95	0.817	0.961	0.994	0.975	1.225	0.969	1.6	0.976
Harqua Hala	1923	3	26	-999	0.35	0.67	0.398	0.747	0.452	0.834	0.502	0.875	0.626	0.916	0.724	0.967	0.817	0.975	0.994	0.982	1.225	0.981	1.6	0.99
Harqua Hala	1923	3	30	-999	0.35	0.56	0.398	0.627	0.452	0.733	0.502	0.791	0.626	0.86	0.724	0.911	0.817	0.932	0.994	0.945	1.225	0.952	1.6	0.962
Harqua Hala	1923	4	8	-999	0.35	0.642	0.398	0.724	0.452	0.825	0.502	0.866	0.626	0.91	0.724	0.952	0.817	0.962	0.994	0.976	1.225	0.97	1.6	0.98
Harqua Hala	1923	4	23	-999	0.35	0.65	0.398	0.734	0.452	0.821	0.502	0.866	0.626	0.908	0.724	0.957	0.817	0.971	0.994	0.982	1.225	0.98	1.6	0.985
Harqua Hala	1923	4	28	-999	0.35	0.622	0.398	0.698	0.452	0.793	0.502	0.834	0.626	0.885	0.724	0.932	0.817	0.951	0.994	0.963	1.225	0.961	1.6	0.969
Harqua Hala	1923	5	0	-999	0.35	0.643	0.398	0.745	0.452	0.838	0.502	0.87	0.626	0.915	0.724	0.964	0.817	0.976	0.994	0.98	1.225	0.976	1.6	0.983
Harqua Hala	1923	5	10	-999	0.35	0.622	0.398	0.702	0.452	0.792	0.502	0.834	0.626	0.879	0.724	0.932	0.817	0.945	0.994	0.957	1.225	0.959	1.6	0.973
Harqua Hala	1923	5	15	-999	0.35	0.669	0.398	0.743	0.452	0.825	0.502	0.875	0.626	0.916	0.724	0.961	0.817	0.97	0.994	0.981	1.225	0.977	1.6	0.981
Harqua Hala	1923	5	19	-999	0.35	0.639	0.398	0.696	0.452	0.785	0.502	0.839	0.626	0.881	0.724	0.935	0.817	0.952	0.994	0.97	1.225	0.97	1.6	0.977
Harqua Hala	1923	5	24	-999	0.35	0.636	0.398	0.694	0.452	0.795	0.502	0.834	0.626	0.879	0.724	0.921	0.817	0.935	0.994	0.947	1.225	0.946	1.6	0.959
Harqua Hala	1923	5	31	-999	0.35	0.665	0.398	0.751	0.452	0.825	0.502	0.875	0.626	0.92	0.724	0.962	0.817	0.979	0.994	0.986	1.225	0.975	1.6	0.982
Harqua Hala	1923	6	6	-999	0.35	0.66	0.398	0.744	0.452	0.84	0.502	0.876	0.626	0.916	0.724	0.96	0.817	0.971	0.994	0.98	1.225	0.975	1.6	0.984
Harqua Hala	1923	6	21	-999	0.35	0.632	0.398	0.681	0.452	0.771	0.502	0.821	0.626	0.886	0.724	0.928	0.817	0.949	0.994	0.963	1.225	0.967	1.6	0.979
Harqua Hala	1923	6	28	-999	0.35	0.667	0.398	0.757	0.452	0.834	0.502	0.879	0.626	0.917	0.724	0.959	0.817	0.97	0.994	0.987	1.225	0.982	1.6	0.989
Harqua Hala	1923	8	4	-999	0.35	0.62	0.398	0.7	0.452	0.803	0.502	0.841	0.626	0.885	0.724	0.928	0.817	0.949	0.994	0.958	1.225	0.962	1.6	0.962
Harqua Hala	1923	8	14	-999	0.35	0.62	0.398	0.686	0.452	0.791	0.502	0.831	0.626	0.886	0.724	0.934	0.817	0.95	0.994	0.961	1.225	0.961	1.6	0.967
Harqua Hala	1923	8	21	-999	0.35	0.636	0.398	0.715	0.452	0.825	0.502	0.859	0.626	0.894	0.724	0.936	0.817	0.948	0.994	0.96	1.225	0.96	1.6	0.966
Harqua Hala	1923	9	20	-999	0.35	0.63	0.398	0.725	0.452	0.82	0.502	0.88	0.626	0.92	0.724	0.961	0.817	0.965	0.994	0.98	1.225	0.975	1.6	0.979
Harqua Hala	1923	9	28	-999	0.35	0.67	0.398	0.715	0.452	0.82	0.502	0.875	0.626	0.925	0.724	0.96	0.817	0.971	0.994	0.97	1.225	0.96	1.6	0.978
Harqua Hala	1923	10	5	-999	0.35	0.615	0.398	0.739	0.452	0.83	0.502	0.876	0.626	0.918	0.724	0.946	0.817	0.972	0.994	0.975	1.225	0.974	1.6	0.976
Harqua Hala	1923	10	12	-999	0.35	0.654	0.398	0.736	0.452	0.84	0.502	0.871	0.626	0.92	0.724	0.97	0.817	0.971	0.994	0.978	1.225	0.985	1.6	0.982
Harqua Hala	1923	10	22	-999	0.35	0.663	0.398	0.73	0.452	0.821	0.502	0.866	0.626	0.925	0.724	0.955	0.817	0.97	0.994	0.985	1.225	0.989	1.6	0.99
Harqua Hala	1923	11	13	-999	0.35	0.66	0.398	0.74	0.452	0.828	0.502	0.874	0.626	0.921	0.724	0.965	0.817	0.981	0.994	0.992	1.225	0.986	1.6	0.99
Harqua Hala	1923	12	6	-999	0.35	0.66	0.398	0.746	0.452	0.833	0.502	0.874	0.626	0.915	0.724	0.96	0.817	0.972	0.994	0.986	1.225	0.98	1.6	0.989
Harqua Hala	1923	12	16	-999	0.35	0.686	0.398	0.74	0.452	0.832	0.502	0.868	0.626	0.918	0.724	0.954	0.817	0.964	0.994	0.979	1.225	0.976	1.6	0.981
Harqua Hala	1924	1	4	-999	0.35	0.687	0.398	0.755	0.452	0.851	0.502	0.885	0.626	0.913	0.724	0.967	0.817	0.978	0.994	0.989	1.225	0.989	1.6	0.99
Harqua Hala	1924	1	11	-999	0.35	0.686	0.398	0.74	0.452	0.835	0.502	0.88	0.626	0.92	0.724	0.965	0.817	0.982	0.994	0.988	1.225	0.982	1.6	0.986
Harqua Hala	1924	1	19	-999	0.35	0.661	0.398	0.731	0.452	0.832	0.502	0.867	0.626	0.911	0.724	0.952	0.817	0.97	0.994	0.982	1.225	0.982	1.6	0.984
Harqua Hala	1924	1	29	-999	0.35	0.674	0.398	0.737	0.452	0.838	0.502	0.878	0.626	0.908	0.724	0.96	0.817	0.973	0.994	0.99	1.225	0.982	1.6	0.989
Harqua Hala	1924	2	12	-999	0.35	0.69	0.398	0.753	0.452	0.838	0.502	0.868	0.626	0.91	0.724	0.956	0.817	0.969	0.994	0.98	1.225	0.98	1.6	0.985
Harqua Hala	1924	2	19	-999	0.35	0.655	0.398	0.73	0.452	0.825	0.502	0.865	0.626	0.915	0.724	0.96	0.817	0.977	0.994	0.989	1.225	0.985	1.6	0.99
Harqua Hala	1924	2	27	-999	0.35	0.666	0.398	0.738	0.452	0.823	0.502	0.865	0.626	0.905	0.724	0.955	0.817	0.97	0.994	0.971	1.225	0.98	1.6	0.969
Harqua Hala	1924	3	26	-999	0.35	0.64	0.398	0.719	0.452	0.816	0.502	0.86	0.626	0.608	0.724	0.949	0.817	0.966	0.994	0.981	1.225	0.977	1.6	0.987
Harqua Hala	1924	4	12	-999	0.35	0.633	0.398	0.7	0.452	0.796	0.502	0.835	0.626	0.878	0.724	0.931	0.817	0.948	0.994	0.965	1.225	0.967	1.6	0.978
Harqua Hala	1924	5	1	-999	0.35	0.61	0.398	0.667	0.452	0.757	0.502	0.807	0.626	0.871	0.724	0.912	0.817	0.929	0.994	0.948	1.225	0.948	1.6	0.962
Harqua Hala	1924	5	22	-999	0.35	0.662	0.398	0.749	0.452	0.832	0.502	0.874	0.626	0.917	0.724	0.957	0.817	0.972	0.994	0.981	1.225	0.98	1.6	0.986
Harqua Hala	1924	6	15	-999	0.35	0.652	0.398	0.702	0.452	0.801	0.502	0.845	0.626	0.89	0.724	0.936	0.817	0.958	0.994	0.97	1.225	0.972	1.6	0.972
Harqua Hala	1924	6	19	-999	0.35	0.677	0.398	0.741	0.452	0.816	0.502	0.869	0.626	0.909	0.724	0.938	0.817	0.957	0.994	0.966	1.225	0.966	1.6	0.963
Harqua Hala	1924	6	20	-999	0.35	0.644	0.398	0.715	0.452	0.812	0.502	0.85	0.626	0.895	0.724	0.943	0.817	0.955	0.994	0.969	1.225	0.968	1.6	0.972
Harqua Hala	1924	6	21	-999	0.35	0.664	0.398	0.735	0.452	0.837	0.502	0.87	0.626	0.914	0.724	0.954	0.817	0.965	0.994	0.977	1.225	0.973	1.6	0.974
Harqua Hala	1924	6	25	-999	0.35	0.644	0.398	0.702	0.452	0.816	0.502	0.852	0.626	0.902	0.724	0.942	0.817	0.952	0.994	0.966	1.225	0.974	1.6	0.975
Harqua Hala	1924	7	17	-999	0.35	0.656	0.398	0.729	0.452	0.817	0.502	0.862	0.626	0.915	0.724	0.957	0.817	0.968	0.994	0.982	1.225	0.976	1.6	0.985
Harqua Hala	1924	7	19	-999	0.35	0.642	0.398	0.727	0.452	0.825	0.502	0.862	0.626	0.913	0.724	0.952	0.817	0.962	0.994	0.973	1.225	0.97	1.6	0.982
Harqua Hala	1924	7	20	-999	0.35	0.65	0.398	0.732	0.452	0.828	0.502	0.87	0.626	0.915	0.724	0.955	0.817	0.969	0.994	0.977	1.225	0.977	1.6	0.983
Harqua Hala	1924	7	21	-999	0.35	0.652	0.398	0.734	0.452	0.826	0.502	0.862	0.626	0.908	0.724	0.951	0.817	0.96	0.994	0.973	1.225	0.967	1.6	0.975
Harqua Hala	1924	8	27	-999	0.35	0.6	0.398	0.657	0.452	0.755	0.502	0.805	0.626	0.882	0.724	0.926	0.817	0.94	0.994	0.963	1.225	0.966	1.6	0.977
Harqua Hala	1924	9	11	-999	0.35	0.615	0.398	0.704	0.452	0.787	0.502	0.838	0.626	0.895	0.724	0.937	0.817	0.951	0.994	0.965	1.225	0.965	1.6	0.972
Harqua Hala	1924	9	19	-999	0.35	0.609	0.398	0.681	0.452	0.789	0.502	0.829	0.626	0.876	0.724	0.918	0.817	0.934	0.994	0.948	1.225	0.943	1.6	0.962
Harqua Hala	1924	9	24	-999	0.35	0.649	0.398	0.741	0.452	0.828	0.502	0.877	0.626	0.923	0.724	0.962	0.817	0.974	0.994	0.98	1.225	0.982	1.6	0.986
Harqua Hala	1924	10	3	-999	0.35	0.668	0.398	0.747	0.452	0.822	0.502	0.869	0.626	0.909	0.724	0.952	0.817	0.967	0.994	0.973	1.225	0.967	1.6	0.972
Harqua Hala	1924	10	8	-999	0.35	0.647	0.398	0.751	0.452	0.836	0.502	0.873	0.626	0.92	0.724	0.96	0.817	0.973	0.994	0.986	1.225	0.972	1.6	0.981
Harqua Hala	1924	10	15	-999	0.35	0.65	0.398	0.75	0.452	0.833	0.502	0.878	0.626	0.931	0.724	0.962	0.817	0.974	0.994	0.982	1.225	0.98	1.6	0.987
Harqua Hala	1924	10	21	-999	0.35	0.651	0.398	0.744	0.452	0.826	0.502	0.871	0.626	0.922	0.724	0.96	0.817	0.975	0.994	0.986	1.225	0.979	1.6	0.985
Harqua Hala	1924	10	31	-999	0.35	0.646	0.398	0.748	0.452	0.817	0.502	0.877	0.626	0.918	0.724	0.962	0.817	0.971	0.994	0.986	1.225	0.988	1.6	0.987
Harqua Hala	1924	11	7	-999	0.35	0.659	0.398	0.739	0.452	0.84	0.502	0.875	0.626	0.931	0.724	0.965	0.817	0.975	0.994	0.987	1.225	0.987	1.6	0.986
Harqua Hala	1924	11	18	-999	0.35	0.664	0.398	0.742	0.452	0.838	0.502	0.875	0.626	0.927	0.724	0.965	0.817	0.975	0.994	0.987	1.225	0.987	1.6	0.983
Harqua Hala	1924	11	24	-999	0.35	0.671	0.398	0.747	0.452	0.832	0.502	0.875	0.626	0.924	0.724	0.963	0.817	0.979	0.994	0.985	1.225	0.984	1.6	0.98
Harqua Hala	1924	12	3	-999	0.35	0.659	0.398	0.743	0.452	0.838	0.502	0.881	0.626	0.92	0.724	0.96	0.817	0.977	0.994	0.983	1.225	0.977	1.6	0.982
Harqua Hala	1924	12	29	-999	0.35	0.678	0.398	0.74	0.452	0.84	0.502	0.88	0.626	0.93	0.724	0.972	0.817	0.979	0.994	0.99	1.225	0.992	1.6	0.994
Harqua Hala	1925	1	5	-999	0.35	0.645	0.398	0.72	0.452	0.821	0.502	0.87	0.626	0.918	0.724	0.962	0.817	0.976	0.994	0.995	1.225	0.984	1.6	0.988
Harqua Hala	1925	1	14	-999	0.35	0.68	0.398	0.736	0.452	0.819	0.502	0.872	0.626	0.92	0.724	0.96	0.817	0.973	0.994	0.985	1.225	0.982	1.6	0.987
Harqua Hala	1925	1	20	-999	0.35	0.67	0.398	0.733	0.452	0.838	0.502	0.874	0.626	0.911	0.724	0.96	0.817	0.974	0.994	0.982	1.225	0.981	1.6	0.988
Harqua Hala	1925	1	30	-999	0.35	0.674	0.398	0.74	0.452	0.825	0.502	0.872	0.626	0.915	0.724	0.957	0.817	0.971	0.994	0.982	1.225	0.982	1.6	0.984
Harqua Hala	1925	3	19	-999	0.35	0.65	0.398	0.742	0.452	0.823	0.502	0.86	0.626	0.912	0.724	0.95	0.817	0.96	0.994	0.97	1.225	0.972	1.6	0.982
Harqua Hala	1925	4	20	-999	0.35	0.652	0.398	0.738	0.452	0.828	0.502	0.87	0.626	0.908	0.724	0.952	0.817	0.965	0.994	0.978	1.225	0.97	1.6	0.98
Harqua Hala	1925	4	25	-999	0.35	0.627	0.398	0.682	0.452	0.784	0.502	0.832	0.626	0.884	0.724	0.937	0.817	0.656	0.994	0.967	1.225	0.968	1.6	0.981
Harqua Hala	1925	5	2	-999	0.35	0.617	0.398	0.689	0.452	0.781	0.502	0.825	0.626	0.883	0.724	0.925	0.817	0.944	0.994	0.956	1.225	0.959	1.6	0.961
Harqua Hala	1925	5	28	-999	0.35	0.615	0.398	0.677	0.452	0.785	0.502	0.822	0.626	0.875	0.724	0.927	0.817	0.94	0.994	0.955	1.225	0.953	1.6	0.959
Harqua Hala	1925	6	10	-999	0.35	0.666	0.398	0.731	0.452	0.822	0.502	0.865	0.626	0.914	0.724	0.952	0.817	0.967	0.994	0.979	1.225	0.977	1.6	0.979
